723	81	1.0
760	0	4.34635032332749E28
760	1	4.34635032332749E28
760	10	3.923498654080638E29
760	100	3.923498654080638E29
760	101	5.926709875652699E29
760	102	3.923498654080638E29
760	103	1.2197243869722375E29
760	104	5.143223041052875E29
760	105	5.143223041052875E29
760	106	2.442308214946664E29
760	107	1.2225838279744267E29
760	108	2.859441002189138E26
760	109	5.160379687066011E29
760	11	5.926709875652699E29
760	110	1.2225838279744267E29
760	111	5.229006271118549E29
760	112	3.920639213078448E29
760	113	1.2225838279744267E29
760	114	3.923498654080638E29
760	115	1.2225838279744267E29
760	116	1.6572188603071758E29
760	117	4.0550329401813386E29
760	118	1.6572188603071758E29
760	119	3.923498654080638E29
760	12	5.943866521665833E29
760	120	3.923498654080638E29
760	121	5.143223041052875E29
760	122	1.2225838279744267E29
760	123	2.442308214946664E29
760	124	2.700914826106211E29
760	125	3.923498654080638E29
760	126	1.2225838279744267E29
760	127	5.143223041052875E29
760	128	5.143223041052875E29
760	129	2.0060706625742505E29
760	13	3.923498654080638E29
760	130	6.361344907985448E29
760	131	5.143223041052875E29
760	132	5.143223041052875E29
760	133	5.143223041052875E29
760	134	2.700914826106211E29
760	135	3.923498654080638E29
760	136	2.700914826106211E29
760	137	3.923498654080638E29
760	138	3.923498654080638E29
760	139	1.2227064132944966E29
760	14	6.361344907985448E29
760	140	4.706985488680461E29
760	141	5.143223041052875E29
760	142	1.2225838279744267E29
760	143	5.718882004378276E26
760	144	1.2225838279744267E29
760	145	4.792768718746136E29
760	146	3.923498654080638E29
760	147	3.923498654080638E29
760	148	3.923498654080638E29
760	149	3.923498654080638E29
760	15	3.923498654080638E29
760	150	3.225795049546488E29
760	151	1.2225838279744267E29
760	152	5.143223041052875E29
760	153	1.2197243869722375E29
760	154	1.3512586730729379E29
760	155	1.2225838279744267E29
760	156	3.923498654080638E29
760	157	5.661693184334493E28
760	158	1.2225838279744267E29
760	159	4.0550329401813386E29
760	16	5.141620521013211E29
760	160	3.923498654080638E29
760	161	3.923498654080638E29
760	162	1.2225838279744267E29
760	163	3.923498654080638E29
760	164	1.2225838279744267E29
760	165	1.2225838279744267E29
760	166	1.2225838279744267E29
760	167	1.2225838279744267E29
760	168	2.442308214946664E29
760	169	3.923498654080638E29
760	17	2.0060706625742505E29
760	170	1.2225838279744267E29
760	171	4.34635032332749E28
760	172	5.143223041052875E29
760	173	1.2225838279744267E29
760	174	5.143223041052875E29
760	175	7.834868345998238E28
760	176	1.2225838279744267E29
760	177	1.3083670580401008E29
760	178	1.2225838279744267E29
760	179	5.148941923057253E29
760	18	2.8769432472794133E29
760	180	2.859441002189138E26
760	181	1.2225838279744267E29
760	182	1.2225838279744267E29
760	183	5.938147639661455E29
760	184	5.143223041052875E29
760	185	1.3541181140751271E29
760	186	1.3083670580401008E29
760	187	1.3541181140751271E29
760	188	1.2397404739875615E29
760	189	1.3541181140751271E29
760	19	5.143223041052875E29
760	190	4.985296525438621E24
760	191	4.0550329401813386E29
760	192	1.2225838279744267E29
760	193	3.923498654080638E29
760	194	1.2225838279744267E29
760	195	3.926358095082827E29
760	196	3.923498654080638E29
760	197	5.926709875652699E29
760	198	5.143223041052875E29
760	199	2.0060706625742505E29
760	2	2.700914826106211E29
760	20	5.143223041052875E29
760	200	1.2225838279744267E29
760	201	3.923498654080638E29
760	202	1.2225838279744267E29
760	203	5.926709875652699E29
760	204	2.0060706625742505E29
760	205	5.143223041052875E29
760	206	1.2225838279744267E29
760	207	4.34635032332749E28
760	208	1.2225838279744267E29
760	209	1.2225838279744267E29
760	21	2.5280914450123383E29
760	210	2.4378462539048103E29
760	211	1.2225838279744267E29
760	212	1.6572188603071758E29
760	213	1.6572188603071758E29
760	214	1.788753146407876E29
760	215	4.0550329401813386E29
760	216	1.6572188603071758E29
760	217	5.143223041052875E29
760	218	1.3083670580401008E29
760	219	1.2225838279744267E29
760	22	1.3153428610070034E28
760	220	5.926709875652699E29
760	221	1.225443268976616E29
760	222	1.2225838279744267E29
760	223	1.2225838279744267E29
760	224	1.2225843096454212E29
760	225	1.657218942410186E29
760	226	3.920639213078448E29
760	227	3.923498654080638E29
760	228	1.2225838279744267E29
760	229	3.923498654080638E29
760	23	3.923498654080638E29
760	230	3.923498654080638E29
760	231	2.7037742671084E29
760	232	1.2225838279744267E29
760	233	5.143223041052875E29
760	234	1.2225838279744267E29
760	235	1.2225838279744267E29
760	236	1.2225838279744267E29
760	237	2.700914826106211E29
760	238	7.850886321329968E28
760	239	5.143223041052875E29
760	24	2.0060706625742505E29
760	240	3.923498654080638E29
760	241	2.700914826106211E29
760	242	1.2225838279744267E29
760	243	3.923498654080638E29
760	244	2.700914826106211E29
760	245	3.969249710115664E29
760	246	1.225443268976616E29
760	247	1.3153428610070034E28
760	248	2.0060706625742505E29
760	249	3.484401660706035E29
760	25	7.834868345998238E28
760	26	1.2225838279744267E29
760	27	1.2225838279744267E29
760	28	4.706985488680461E29
760	29	5.143223041052875E29
760	3	3.923498654080638E29
760	30	1.3153428610070034E28
760	31	1.2225838279744267E29
760	32	3.920639213078448E29
760	33	1.2225838279744267E29
760	34	1.3541181140751271E29
760	35	2.700914826106211E29
760	36	3.923498654080638E29
760	37	3.923498654080638E29
760	38	1.2241863480140914E29
760	39	3.923498654080638E29
760	4	2.8324491122069113E29
760	40	1.2225838279744267E29
760	41	5.1437902088741026E29
760	42	5.143223041052875E29
760	43	1.2225838279744267E29
760	44	3.923498654080638E29
760	45	5.143223041052875E29
760	46	5.143223041052875E29
760	47	1.3541181140751271E29
760	48	1.2197243869722375E29
760	49	3.923498654080638E29
760	5	1.2225838279744267E29
760	50	5.143223041052875E29
760	51	1.2225838279744267E29
760	52	2.442308214946664E29
760	53	3.923498654080638E29
760	54	3.923498654080638E29
760	55	1.3153428610070034E28
760	56	5.143223041052875E29
760	57	5.926709875652699E29
760	58	2.442308214946664E29
760	59	1.3153428610070034E28
760	6	1.6572188603071758E29
760	60	5.926709875652699E29
760	61	3.923498654080638E29
760	62	1.2225838279744267E29
760	63	4.704126047678272E29
760	64	3.923498654080638E29
760	65	3.923498654080638E29
760	66	1.2225838279744267E29
760	67	1.2197243869722375E29
760	68	1.2241856255075997E29
760	69	5.143223041052875E29
760	7	2.700914826106211E29
760	70	5.926709875652699E29
760	71	1.6572188603072557E29
760	72	5.143223041052875E29
760	73	3.923498654080638E29
760	74	3.923498654080638E29
760	75	2.700914826106211E29
760	76	3.13554985843896E29
760	77	2.700914826106211E29
760	78	1.2225838279744267E29
760	79	2.700914826106211E29
760	8	3.9234993765871294E29
760	80	1.2225838279744267E29
760	81	1.228302709978805E29
760	82	2.700914826106211E29
760	83	6.361344907985448E29
760	84	3.2213330885046346E29
760	85	1.2225838279744267E29
760	86	5.143223041052875E29
760	87	1.2225838279744267E29
760	88	8.69270064665498E28
760	89	1.65726871327243E29
760	9	3.923498654080638E29
760	90	7.834868345998238E28
760	91	3.923498654080638E29
760	92	1.2225838279744267E29
760	93	3.920639213078448E29
760	94	3.13554985843896E29
760	95	5.143223041052875E29
760	96	1.2225838279744267E29
760	97	1.2225838279744267E29
760	98	1.2225838279744267E29
760	99	2.16751947535113E23
761	0	4.34635032332749E28
761	1	4.34635032332749E28
761	10	3.923498654080638E29
761	100	3.923498654080638E29
761	101	5.926709875652699E29
761	102	3.923498654080638E29
761	103	1.2197243869722375E29
761	104	5.143223041052875E29
761	105	5.143223041052875E29
761	106	2.442308214946664E29
761	107	1.2225838279744267E29
761	108	2.859441002189138E26
761	109	5.160379687066011E29
761	11	5.926709875652699E29
761	110	1.2225838279744267E29
761	111	5.229006271118549E29
761	112	3.920639213078448E29
761	113	1.2225838279744267E29
761	114	3.923498654080638E29
761	115	1.2225838279744267E29
761	116	1.6572188603071758E29
761	117	4.0550329401813386E29
761	118	1.6572188603071758E29
761	119	3.923498654080638E29
761	12	5.943866521665833E29
761	120	3.923498654080638E29
761	121	5.143223041052875E29
761	122	1.2225838279744267E29
761	123	2.442308214946664E29
761	124	2.700914826106211E29
761	125	3.923498654080638E29
761	126	1.2225838279744267E29
761	127	5.143223041052875E29
761	128	5.143223041052875E29
761	129	2.0060706625742505E29
761	13	3.923498654080638E29
761	130	6.361344907985448E29
761	131	5.143223041052875E29
761	132	5.143223041052875E29
761	133	5.143223041052875E29
761	134	2.700914826106211E29
761	135	3.923498654080638E29
761	136	2.700914826106211E29
761	137	3.923498654080638E29
761	138	3.923498654080638E29
761	139	1.2227064132944966E29
761	14	6.361344907985448E29
761	140	4.706985488680461E29
761	141	5.143223041052875E29
761	142	1.2225838279744267E29
761	143	5.718882004378276E26
761	144	1.2225838279744267E29
761	145	4.792768718746136E29
761	146	3.923498654080638E29
761	147	3.923498654080638E29
761	148	3.923498654080638E29
761	149	3.923498654080638E29
761	15	3.923498654080638E29
761	150	3.225795049546488E29
761	151	1.2225838279744267E29
761	152	5.143223041052875E29
761	153	1.2197243869722375E29
761	154	1.3512586730729379E29
761	155	1.2225838279744267E29
761	156	3.923498654080638E29
761	157	5.661693184334493E28
761	158	1.2225838279744267E29
761	159	4.0550329401813386E29
761	16	5.141620521013211E29
761	160	3.923498654080638E29
761	161	3.923498654080638E29
761	162	1.2225838279744267E29
761	163	3.923498654080638E29
761	164	1.2225838279744267E29
761	165	1.2225838279744267E29
761	166	1.2225838279744267E29
761	167	1.2225838279744267E29
761	168	2.442308214946664E29
761	169	3.923498654080638E29
761	17	2.0060706625742505E29
761	170	1.2225838279744267E29
761	171	4.34635032332749E28
761	172	5.143223041052875E29
761	173	1.2225838279744267E29
761	174	5.143223041052875E29
761	175	7.834868345998238E28
761	176	1.2225838279744267E29
761	177	1.3083670580401008E29
761	178	1.2225838279744267E29
761	179	5.148941923057253E29
761	18	2.8769432472794133E29
761	180	2.859441002189138E26
761	181	1.2225838279744267E29
761	182	1.2225838279744267E29
761	183	5.938147639661455E29
761	184	5.143223041052875E29
761	185	1.3541181140751271E29
761	186	1.3083670580401008E29
761	187	1.3541181140751271E29
761	188	1.2397404739875615E29
761	189	1.3541181140751271E29
761	19	5.143223041052875E29
761	190	4.985296525438621E24
761	191	4.0550329401813386E29
761	192	1.2225838279744267E29
761	193	3.923498654080638E29
761	194	1.2225838279744267E29
761	195	3.926358095082827E29
761	196	3.923498654080638E29
761	197	5.926709875652699E29
761	198	5.143223041052875E29
761	199	2.0060706625742505E29
761	2	2.700914826106211E29
761	20	5.143223041052875E29
761	200	1.2225838279744267E29
761	201	3.923498654080638E29
761	202	1.2225838279744267E29
761	203	5.926709875652699E29
761	204	2.0060706625742505E29
761	205	5.143223041052875E29
761	206	1.2225838279744267E29
761	207	4.34635032332749E28
761	208	1.2225838279744267E29
761	209	1.2225838279744267E29
761	21	2.5280914450123383E29
761	210	2.4378462539048103E29
761	211	1.2225838279744267E29
761	212	1.6572188603071758E29
761	213	1.6572188603071758E29
761	214	1.788753146407876E29
761	215	4.0550329401813386E29
761	216	1.6572188603071758E29
761	217	5.143223041052875E29
761	218	1.3083670580401008E29
761	219	1.2225838279744267E29
761	22	1.3153428610070034E28
761	220	5.926709875652699E29
761	221	1.225443268976616E29
761	222	1.2225838279744267E29
761	223	1.2225838279744267E29
761	224	1.2225843096454212E29
761	225	1.657218942410186E29
761	226	3.920639213078448E29
761	227	3.923498654080638E29
761	228	1.2225838279744267E29
761	229	3.923498654080638E29
761	23	3.923498654080638E29
761	230	3.923498654080638E29
761	231	2.7037742671084E29
761	232	1.2225838279744267E29
761	233	5.143223041052875E29
761	234	1.2225838279744267E29
761	235	1.2225838279744267E29
761	236	1.2225838279744267E29
761	237	2.700914826106211E29
761	238	7.850886321329968E28
761	239	5.143223041052875E29
761	24	2.0060706625742505E29
761	240	3.923498654080638E29
761	241	2.700914826106211E29
761	242	1.2225838279744267E29
761	243	3.923498654080638E29
761	244	2.700914826106211E29
761	245	3.969249710115664E29
761	246	1.225443268976616E29
761	247	1.3153428610070034E28
761	248	2.0060706625742505E29
761	249	3.484401660706035E29
761	25	7.834868345998238E28
761	26	1.2225838279744267E29
761	27	1.2225838279744267E29
761	28	4.706985488680461E29
761	29	5.143223041052875E29
761	3	3.923498654080638E29
761	30	1.3153428610070034E28
761	31	1.2225838279744267E29
761	32	3.920639213078448E29
761	33	1.2225838279744267E29
761	34	1.3541181140751271E29
761	35	2.700914826106211E29
761	36	3.923498654080638E29
761	37	3.923498654080638E29
761	38	1.2241863480140914E29
761	39	3.923498654080638E29
761	4	2.8324491122069113E29
761	40	1.2225838279744267E29
761	41	5.1437902088741026E29
761	42	5.143223041052875E29
761	43	1.2225838279744267E29
761	44	3.923498654080638E29
761	45	5.143223041052875E29
761	46	5.143223041052875E29
761	47	1.3541181140751271E29
761	48	1.2197243869722375E29
761	49	3.923498654080638E29
761	5	1.2225838279744267E29
761	50	5.143223041052875E29
761	51	1.2225838279744267E29
761	52	2.442308214946664E29
761	53	3.923498654080638E29
761	54	3.923498654080638E29
761	55	1.3153428610070034E28
761	56	5.143223041052875E29
761	57	5.926709875652699E29
761	58	2.442308214946664E29
761	59	1.3153428610070034E28
761	6	1.6572188603071758E29
761	60	5.926709875652699E29
761	61	3.923498654080638E29
761	62	1.2225838279744267E29
761	63	4.704126047678272E29
761	64	3.923498654080638E29
761	65	3.923498654080638E29
761	66	1.2225838279744267E29
761	67	1.2197243869722375E29
761	68	1.2241856255075997E29
761	69	5.143223041052875E29
761	7	2.700914826106211E29
761	70	5.926709875652699E29
761	71	1.6572188603072557E29
761	72	5.143223041052875E29
761	73	3.923498654080638E29
761	74	3.923498654080638E29
761	75	2.700914826106211E29
761	76	3.13554985843896E29
761	77	2.700914826106211E29
761	78	1.2225838279744267E29
761	79	2.700914826106211E29
761	8	3.9234993765871294E29
761	80	1.2225838279744267E29
761	81	1.228302709978805E29
761	82	2.700914826106211E29
761	83	6.361344907985448E29
761	84	3.2213330885046346E29
761	85	1.2225838279744267E29
761	86	5.143223041052875E29
761	87	1.2225838279744267E29
761	88	8.69270064665498E28
761	89	1.65726871327243E29
761	9	3.923498654080638E29
761	90	7.834868345998238E28
761	91	3.923498654080638E29
761	92	1.2225838279744267E29
761	93	3.920639213078448E29
761	94	3.13554985843896E29
761	95	5.143223041052875E29
761	96	1.2225838279744267E29
761	97	1.2225838279744267E29
761	98	1.2225838279744267E29
761	99	2.16751947535113E23
770	0	4.341379704461094E28
770	1	4.341379704461094E28
770	10	3.9190116212872665E29
770	100	3.9190116212872665E29
770	101	5.919931909374771E29
770	102	3.9190116212872665E29
770	103	1.2183294729412291E29
770	104	5.137341094228496E29
770	105	5.137341094228496E29
770	106	2.439515116740656E29
770	107	1.2211856437994272E29
770	108	2.8561708581980882E26
770	109	5.154478119377684E29
770	11	5.919931909374771E29
770	110	1.2211856437994272E29
770	111	5.223026219974438E29
770	112	3.916155450429068E29
770	113	1.2211856437994272E29
770	114	3.9190116212872665E29
770	115	1.2211856437994272E29
770	116	1.655323614245537E29
770	117	4.050395480764378E29
770	118	1.655323614245537E29
770	119	3.9190116212872665E29
770	12	5.93706893452396E29
770	120	3.9190116212872665E29
770	121	5.137341094228496E29
770	122	1.2211856437994272E29
770	123	2.439515116740656E29
770	124	2.697825977487839E29
770	125	3.9190116212872665E29
770	126	1.2211856437994272E29
770	127	5.137341094228496E29
770	128	5.137341094228496E29
770	129	2.003776458945703E29
770	13	3.9190116212872665E29
770	130	6.354069879820881E29
770	131	5.137341094228496E29
770	132	5.137341094228496E29
770	133	5.137341094228496E29
770	134	2.697825977487839E29
770	135	3.9190116212872665E29
770	136	2.697825977487839E29
770	137	3.9190116212872665E29
770	138	3.9190116212872665E29
770	139	1.2213080889271841E29
770	14	6.354069879820881E29
770	140	4.701602436433542E29
770	141	5.137341094228496E29
770	142	1.2211856437994272E29
770	143	5.7123417163961764E26
770	144	1.2211856437994272E29
770	145	4.787287562179485E29
770	146	3.9190116212872665E29
770	147	3.9190116212872665E29
770	148	3.9190116212872665E29
770	149	3.9190116212872665E29
770	15	3.9190116212872665E29
770	150	3.2221059318869324E29
770	151	1.2211856437994272E29
770	152	5.137341094228496E29
770	153	1.2183294729412291E29
770	154	1.3497133324183411E29
770	155	1.2211856437994272E29
770	156	3.9190116212872665E29
770	157	5.655218299232215E28
770	158	1.2211856437994272E29
770	159	4.050395480764378E29
770	16	5.135740406879652E29
770	160	3.9190116212872665E29
770	161	3.9190116212872665E29
770	162	1.2211856437994272E29
770	163	3.9190116212872665E29
770	164	1.2211856437994272E29
770	165	1.2211856437994272E29
770	166	1.2211856437994272E29
770	167	1.2211856437994272E29
770	168	2.439515116740656E29
770	169	3.9190116212872665E29
770	17	2.003776458945703E29
770	170	1.2211856437994272E29
770	171	4.341379704461094E28
770	172	5.137341094228496E29
770	173	1.2211856437994272E29
770	174	5.137341094228496E29
770	175	7.825908151462761E28
770	176	1.2211856437994272E29
770	177	1.3068707695453698E29
770	178	1.2211856437994272E29
770	179	5.143053435944892E29
770	18	2.873653087186766E29
770	180	2.8561708581980882E26
770	181	1.2211856437994272E29
770	182	1.2211856437994272E29
770	183	5.931356592807564E29
770	184	5.137341094228496E29
770	185	1.3525695032765393E29
770	186	1.3068707695453698E29
770	187	1.3525695032765393E29
770	188	1.2383226689486157E29
770	189	1.3525695032765393E29
770	19	5.137341094228496E29
770	190	4.979595188196908E24
770	191	4.050395480764378E29
770	192	1.2211856437994272E29
770	193	3.9190116212872665E29
770	194	1.2211856437994272E29
770	195	3.921867792145464E29
770	196	3.9190116212872665E29
770	197	5.919931909374771E29
770	198	5.137341094228496E29
770	199	2.003776458945703E29
770	2	2.697825977487839E29
770	20	5.137341094228496E29
770	200	1.2211856437994272E29
770	201	3.9190116212872665E29
770	202	1.2211856437994272E29
770	203	5.919931909374771E29
770	204	2.003776458945703E29
770	205	5.137341094228496E29
770	206	1.2211856437994272E29
770	207	4.341379704461094E28
770	208	1.2211856437994272E29
770	209	1.2211856437994272E29
770	21	2.525200242486599E29
770	210	2.4350582585336148E29
770	211	1.2211856437994272E29
770	212	1.655323614245537E29
770	213	1.655323614245537E29
770	214	1.7867074737226485E29
770	215	4.050395480764378E29
770	216	1.655323614245537E29
770	217	5.137341094228496E29
770	218	1.3068707695453698E29
770	219	1.2211856437994272E29
770	22	1.3138385947711206E28
770	220	5.919931909374771E29
770	221	1.2240418146576254E29
770	222	1.2211856437994272E29
770	223	1.2211856437994272E29
770	224	1.2211861249195681E29
770	225	1.6553236962546516E29
770	226	3.916155450429068E29
770	227	3.9190116212872665E29
770	228	1.2211856437994272E29
770	229	3.9190116212872665E29
770	23	3.9190116212872665E29
770	230	3.9190116212872665E29
770	231	2.700682148346037E29
770	232	1.2211856437994272E29
770	233	5.137341094228496E29
770	234	1.2211856437994272E29
770	235	1.2211856437994272E29
770	236	1.2211856437994272E29
770	237	2.697825977487839E29
770	238	7.841907808149084E28
770	239	5.137341094228496E29
770	24	2.003776458945703E29
770	240	3.9190116212872665E29
770	241	2.697825977487839E29
770	242	1.2211856437994272E29
770	243	3.9190116212872665E29
770	244	2.697825977487839E29
770	245	3.964710355018435E29
770	246	1.2240418146576254E29
770	247	1.3138385947711206E28
770	248	2.003776458945703E29
770	249	3.480416792634115E29
770	25	7.825908151462761E28
770	26	1.2211856437994272E29
770	27	1.2211856437994272E29
770	28	4.701602436433542E29
770	29	5.137341094228496E29
770	3	3.9190116212872665E29
770	30	1.3138385947711206E28
770	31	1.2211856437994272E29
770	32	3.916155450429068E29
770	33	1.2211856437994272E29
770	34	1.3525695032765393E29
770	35	2.697825977487839E29
770	36	3.9190116212872665E29
770	37	3.9190116212872665E29
770	38	1.2227863311482708E29
770	39	3.9190116212872665E29
770	4	2.829209836964951E29
770	40	1.2211856437994272E29
770	41	5.137907613419294E29
770	42	5.137341094228496E29
770	43	1.2211856437994272E29
770	44	3.9190116212872665E29
770	45	5.137341094228496E29
770	46	5.137341094228496E29
770	47	1.3525695032765393E29
770	48	1.2183294729412291E29
770	49	3.9190116212872665E29
770	5	1.2211856437994272E29
770	50	5.137341094228496E29
770	51	1.2211856437994272E29
770	52	2.439515116740656E29
770	53	3.9190116212872665E29
770	54	3.9190116212872665E29
770	55	1.3138385947711206E28
770	56	5.137341094228496E29
770	57	5.919931909374771E29
770	58	2.439515116740656E29
770	59	1.3138385947711206E28
770	6	1.655323614245537E29
770	60	5.919931909374771E29
770	61	3.9190116212872665E29
770	62	1.2211856437994272E29
770	63	4.6987462655753444E29
770	64	3.9190116212872665E29
770	65	3.9190116212872665E29
770	66	1.2211856437994272E29
770	67	1.2183294729412291E29
770	68	1.2227856094680596E29
770	69	5.137341094228496E29
770	7	2.697825977487839E29
770	70	5.919931909374771E29
770	71	1.6553236142456164E29
770	72	5.137341094228496E29
770	73	3.9190116212872665E29
770	74	3.9190116212872665E29
770	75	2.697825977487839E29
770	76	3.131963947933948E29
770	77	2.697825977487839E29
770	78	1.2211856437994272E29
770	79	2.697825977487839E29
770	8	3.9190123429674775E29
770	80	1.2211856437994272E29
770	81	1.2268979855158233E29
770	82	2.697825977487839E29
770	83	6.354069879820881E29
770	84	3.217649073679891E29
770	85	1.2211856437994272E29
770	86	5.137341094228496E29
770	87	1.2211856437994272E29
770	88	8.682759408922187E28
770	89	1.655373410197419E29
770	9	3.9190116212872665E29
770	90	7.825908151462761E28
770	91	3.9190116212872665E29
770	92	1.2211856437994272E29
770	93	3.916155450429068E29
770	94	3.131963947933948E29
770	95	5.137341094228496E29
770	96	1.2211856437994272E29
770	97	1.2211856437994272E29
770	98	1.2211856437994272E29
770	99	2.165040633933393E23
811	0	3.3214960684233324E23
811	1	3.3214960684233324E23
811	10	2.998351348727935E24
811	100	2.998351348727935E24
811	101	4.529212347428835E24
811	102	2.998351348727935E24
811	103	9.321176284719577E23
811	104	3.930468977199893E24
811	105	3.930468977199893E24
811	106	1.866420451725773E24
811	107	9.343028232538152E23
811	108	2.1851947818574558E21
811	109	3.943580145891037E24
811	11	4.529212347428835E24
811	110	9.343028232538152E23
811	111	3.996024820655616E24
811	112	2.9961661539460774E24
811	113	9.343028232538152E23
811	114	2.998351348727935E24
811	115	9.343028232538152E23
811	116	1.2664524300961484E24
811	117	3.0988703086933775E24
811	118	1.2664524300961484E24
811	119	2.998351348727935E24
811	12	4.54232351611998E24
811	120	2.998351348727935E24
811	121	3.930468977199893E24
811	122	9.343028232538152E23
811	123	1.866420451725773E24
811	124	2.0640485254741197E24
811	125	2.998351348727935E24
811	126	9.343028232538152E23
811	127	3.930468977199893E24
811	128	3.930468977199893E24
811	129	1.533046193482758E24
811	13	2.998351348727935E24
811	130	4.861361954271169E24
811	131	3.930468977199893E24
811	132	3.930468977199893E24
811	133	3.930468977199893E24
811	134	2.0640485254741197E24
811	135	2.998351348727935E24
811	136	2.0640485254741197E24
811	137	2.998351348727935E24
811	138	2.998351348727935E24
811	139	9.343965033827438E23
811	14	4.861361954271169E24
811	140	3.597094718956878E24
811	141	3.930468977199893E24
811	142	9.343028232538152E23
811	143	4.3703895637149116E21
811	144	9.343028232538152E23
811	145	3.662650562412601E24
811	146	2.998351348727935E24
811	147	2.998351348727935E24
811	148	2.998351348727935E24
811	149	2.998351348727935E24
811	15	2.998351348727935E24
811	150	2.465163821954716E24
811	151	9.343028232538152E23
811	152	3.930468977199893E24
811	153	9.321176284719577E23
811	154	1.0326365884374007E24
811	155	9.343028232538152E23
811	156	2.998351348727935E24
811	157	4.326685668077762E23
811	158	9.343028232538152E23
811	159	3.0988703086933775E24
811	16	3.9292443257992107E24
811	160	2.998351348727935E24
811	161	2.998351348727935E24
811	162	9.343028232538152E23
811	163	2.998351348727935E24
811	164	9.343028232538152E23
811	165	9.343028232538152E23
811	166	9.343028232538152E23
811	167	9.343028232538152E23
811	168	1.866420451725773E24
811	169	2.998351348727935E24
811	17	1.533046193482758E24
811	170	9.343028232538152E23
811	171	3.3214960684233324E23
811	172	3.930468977199893E24
811	173	9.343028232538152E23
811	174	3.930468977199893E24
811	175	5.987433702289428E23
811	176	9.343028232538152E23
811	177	9.998586667095389E23
811	178	9.343028232538152E23
811	179	3.9348393667636074E24
811	18	2.1985700585681061E24
811	180	2.1851947818574558E21
811	181	9.343028232538152E23
811	182	9.343028232538152E23
811	183	4.537953126556266E24
811	184	3.930468977199893E24
811	185	1.034821783219258E24
811	186	9.998586667095389E23
811	187	1.034821783219258E24
811	188	9.474139919449599E23
811	189	1.034821783219258E24
811	19	3.930468977199893E24
811	190	3.809780983437129E19
811	191	3.0988703086933775E24
811	192	9.343028232538152E23
811	193	2.998351348727935E24
811	194	9.343028232538152E23
811	195	3.000536543509792E24
811	196	2.998351348727935E24
811	197	4.529212347428835E24
811	198	3.930468977199893E24
811	199	1.533046193482758E24
811	2	2.0640485254741197E24
811	20	3.930468977199893E24
811	200	9.343028232538152E23
811	201	2.998351348727935E24
811	202	9.343028232538152E23
811	203	4.529212347428835E24
811	204	1.533046193482758E24
811	205	3.930468977199893E24
811	206	9.343028232538152E23
811	207	3.3214960684233324E23
811	208	9.343028232538152E23
811	209	9.343028232538152E23
811	21	1.9319762951814965E24
811	210	1.863010605543234E24
811	211	9.343028232538152E23
811	212	1.2664524300961484E24
811	213	1.2664524300961484E24
811	214	1.3669713900615913E24
811	215	3.0988703086933775E24
811	216	1.2664524300961484E24
811	217	3.930468977199893E24
811	218	9.998586667095389E23
811	219	9.343028232538152E23
811	22	1.0051895996544296E23
811	220	4.529212347428835E24
811	221	9.364880180356726E23
811	222	9.343028232538152E23
811	223	9.343028232538152E23
811	224	9.343031913484682E23
811	225	1.2664524928395553E24
811	226	2.9961661539460774E24
811	227	2.998351348727935E24
811	228	9.343028232538152E23
811	229	2.998351348727935E24
811	23	2.998351348727935E24
811	230	2.998351348727935E24
811	231	2.066233720255977E24
811	232	9.343028232538152E23
811	233	3.930468977199893E24
811	234	9.343028232538152E23
811	235	9.343028232538152E23
811	236	9.343028232538152E23
811	237	2.0640485254741197E24
811	238	5.999674694876448E23
811	239	3.930468977199893E24
811	24	1.533046193482758E24
811	240	2.998351348727935E24
811	241	2.0640485254741197E24
811	242	9.343028232538152E23
811	243	2.998351348727935E24
811	244	2.0640485254741197E24
811	245	3.033314465237654E24
811	246	9.364880180356726E23
811	247	1.0051895996544296E23
811	248	1.533046193482758E24
811	249	2.6627918957030626E24
811	25	5.987433702289428E23
811	26	9.343028232538152E23
811	27	9.343028232538152E23
811	28	3.597094718956878E24
811	29	3.930468977199893E24
811	3	2.998351348727935E24
811	30	1.0051895996544296E23
811	31	9.343028232538152E23
811	32	2.9961661539460774E24
811	33	9.343028232538152E23
811	34	1.034821783219258E24
811	35	2.0640485254741197E24
811	36	2.998351348727935E24
811	37	2.998351348727935E24
811	38	9.355274746544968E23
811	39	2.998351348727935E24
811	4	2.1645674854395626E24
811	40	9.343028232538152E23
811	41	3.9309024088260165E24
811	42	3.930468977199893E24
811	43	9.343028232538152E23
811	44	2.998351348727935E24
811	45	3.930468977199893E24
811	46	3.930468977199893E24
811	47	1.034821783219258E24
811	48	9.321176284719577E23
811	49	2.998351348727935E24
811	5	9.343028232538152E23
811	50	3.930468977199893E24
811	51	9.343028232538152E23
811	52	1.866420451725773E24
811	53	2.998351348727935E24
811	54	2.998351348727935E24
811	55	1.0051895996544296E23
811	56	3.930468977199893E24
811	57	4.529212347428835E24
811	58	1.866420451725773E24
811	59	1.0051895996544296E23
811	6	1.2664524300961484E24
811	60	4.529212347428835E24
811	61	2.998351348727935E24
811	62	9.343028232538152E23
811	63	3.5949095241750206E24
811	64	2.998351348727935E24
811	65	2.998351348727935E24
811	66	9.343028232538152E23
811	67	9.321176284719577E23
811	68	9.355269225125172E23
811	69	3.930468977199893E24
811	7	2.0640485254741197E24
811	70	4.529212347428835E24
811	71	1.2664524300962093E24
811	72	3.930468977199893E24
811	73	2.998351348727935E24
811	74	2.998351348727935E24
811	75	2.0640485254741197E24
811	76	2.396198132316453E24
811	77	2.0640485254741197E24
811	78	9.343028232538152E23
811	79	2.0640485254741197E24
811	8	2.9983519008699147E24
811	80	9.343028232538152E23
811	81	9.386732128175301E23
811	82	2.0640485254741197E24
811	83	4.861361954271169E24
811	84	2.461753975772177E24
811	85	9.343028232538152E23
811	86	3.930468977199893E24
811	87	9.343028232538152E23
811	88	6.642992136846665E23
811	89	1.2664905279059829E24
811	9	2.998351348727935E24
811	90	5.987433702289428E23
811	91	2.998351348727935E24
811	92	9.343028232538152E23
811	93	2.9961661539460774E24
811	94	2.396198132316453E24
811	95	3.930468977199893E24
811	96	9.343028232538152E23
811	97	9.343028232538152E23
811	98	9.343028232538152E23
811	99	1.65642593901589734E18
828	0	4.34635032332749E28
828	1	4.34635032332749E28
828	10	3.923498654080638E29
828	100	3.923498654080638E29
828	101	5.926709875652699E29
828	102	3.923498654080638E29
828	103	1.2197243869722375E29
828	104	5.143223041052875E29
828	105	5.143223041052875E29
828	106	2.442308214946664E29
828	107	1.2225838279744267E29
828	108	2.859441002189138E26
828	109	5.160379687066011E29
828	11	5.926709875652699E29
828	110	1.2225838279744267E29
828	111	5.229006271118549E29
828	112	3.920639213078448E29
828	113	1.2225838279744267E29
828	114	3.923498654080638E29
828	115	1.2225838279744267E29
828	116	1.6572188603071758E29
828	117	4.0550329401813386E29
828	118	1.6572188603071758E29
828	119	3.923498654080638E29
828	12	5.943866521665833E29
828	120	3.923498654080638E29
828	121	5.143223041052875E29
828	122	1.2225838279744267E29
828	123	2.442308214946664E29
828	124	2.700914826106211E29
828	125	3.923498654080638E29
828	126	1.2225838279744267E29
828	127	5.143223041052875E29
828	128	5.143223041052875E29
828	129	2.0060706625742505E29
828	13	3.923498654080638E29
828	130	6.361344907985448E29
828	131	5.143223041052875E29
828	132	5.143223041052875E29
828	133	5.143223041052875E29
828	134	2.700914826106211E29
828	135	3.923498654080638E29
828	136	2.700914826106211E29
828	137	3.923498654080638E29
828	138	3.923498654080638E29
828	139	1.2227064132944966E29
828	14	6.361344907985448E29
828	140	4.706985488680461E29
828	141	5.143223041052875E29
828	142	1.2225838279744267E29
828	143	5.718882004378276E26
828	144	1.2225838279744267E29
828	145	4.792768718746136E29
828	146	3.923498654080638E29
828	147	3.923498654080638E29
828	148	3.923498654080638E29
828	149	3.923498654080638E29
828	15	3.923498654080638E29
828	150	3.225795049546488E29
828	151	1.2225838279744267E29
828	152	5.143223041052875E29
828	153	1.2197243869722375E29
828	154	1.3512586730729379E29
828	155	1.2225838279744267E29
828	156	3.923498654080638E29
828	157	5.661693184334493E28
828	158	1.2225838279744267E29
828	159	4.0550329401813386E29
828	16	5.141620521013211E29
828	160	3.923498654080638E29
828	161	3.923498654080638E29
828	162	1.2225838279744267E29
828	163	3.923498654080638E29
828	164	1.2225838279744267E29
828	165	1.2225838279744267E29
828	166	1.2225838279744267E29
828	167	1.2225838279744267E29
828	168	2.442308214946664E29
828	169	3.923498654080638E29
828	17	2.0060706625742505E29
828	170	1.2225838279744267E29
828	171	4.34635032332749E28
828	172	5.143223041052875E29
828	173	1.2225838279744267E29
828	174	5.143223041052875E29
828	175	7.834868345998238E28
828	176	1.2225838279744267E29
828	177	1.3083670580401008E29
828	178	1.2225838279744267E29
828	179	5.148941923057253E29
828	18	2.8769432472794133E29
828	180	2.859441002189138E26
828	181	1.2225838279744267E29
828	182	1.2225838279744267E29
828	183	5.938147639661455E29
828	184	5.143223041052875E29
828	185	1.3541181140751271E29
828	186	1.3083670580401008E29
828	187	1.3541181140751271E29
828	188	1.2397404739875615E29
828	189	1.3541181140751271E29
828	19	5.143223041052875E29
828	190	4.985296525438621E24
828	191	4.0550329401813386E29
828	192	1.2225838279744267E29
828	193	3.923498654080638E29
828	194	1.2225838279744267E29
828	195	3.926358095082827E29
828	196	3.923498654080638E29
828	197	5.926709875652699E29
828	198	5.143223041052875E29
828	199	2.0060706625742505E29
828	2	2.700914826106211E29
828	20	5.143223041052875E29
828	200	1.2225838279744267E29
828	201	3.923498654080638E29
828	202	1.2225838279744267E29
828	203	5.926709875652699E29
828	204	2.0060706625742505E29
828	205	5.143223041052875E29
828	206	1.2225838279744267E29
828	207	4.34635032332749E28
828	208	1.2225838279744267E29
828	209	1.2225838279744267E29
828	21	2.5280914450123383E29
828	210	2.4378462539048103E29
828	211	1.2225838279744267E29
828	212	1.6572188603071758E29
828	213	1.6572188603071758E29
828	214	1.788753146407876E29
828	215	4.0550329401813386E29
828	216	1.6572188603071758E29
828	217	5.143223041052875E29
828	218	1.3083670580401008E29
828	219	1.2225838279744267E29
828	22	1.3153428610070034E28
828	220	5.926709875652699E29
828	221	1.225443268976616E29
828	222	1.2225838279744267E29
828	223	1.2225838279744267E29
828	224	1.2225843096454212E29
828	225	1.657218942410186E29
828	226	3.920639213078448E29
828	227	3.923498654080638E29
828	228	1.2225838279744267E29
828	229	3.923498654080638E29
828	23	3.923498654080638E29
828	230	3.923498654080638E29
828	231	2.7037742671084E29
828	232	1.2225838279744267E29
828	233	5.143223041052875E29
828	234	1.2225838279744267E29
828	235	1.2225838279744267E29
828	236	1.2225838279744267E29
828	237	2.700914826106211E29
828	238	7.850886321329968E28
828	239	5.143223041052875E29
828	24	2.0060706625742505E29
828	240	3.923498654080638E29
828	241	2.700914826106211E29
828	242	1.2225838279744267E29
828	243	3.923498654080638E29
828	244	2.700914826106211E29
828	245	3.969249710115664E29
828	246	1.225443268976616E29
828	247	1.3153428610070034E28
828	248	2.0060706625742505E29
828	249	3.484401660706035E29
828	25	7.834868345998238E28
828	26	1.2225838279744267E29
828	27	1.2225838279744267E29
828	28	4.706985488680461E29
828	29	5.143223041052875E29
828	3	3.923498654080638E29
828	30	1.3153428610070034E28
828	31	1.2225838279744267E29
828	32	3.920639213078448E29
828	33	1.2225838279744267E29
828	34	1.3541181140751271E29
828	35	2.700914826106211E29
828	36	3.923498654080638E29
828	37	3.923498654080638E29
828	38	1.2241863480140914E29
828	39	3.923498654080638E29
828	4	2.8324491122069113E29
828	40	1.2225838279744267E29
828	41	5.1437902088741026E29
828	42	5.143223041052875E29
828	43	1.2225838279744267E29
828	44	3.923498654080638E29
828	45	5.143223041052875E29
828	46	5.143223041052875E29
828	47	1.3541181140751271E29
828	48	1.2197243869722375E29
828	49	3.923498654080638E29
828	5	1.2225838279744267E29
828	50	5.143223041052875E29
828	51	1.2225838279744267E29
828	52	2.442308214946664E29
828	53	3.923498654080638E29
828	54	3.923498654080638E29
828	55	1.3153428610070034E28
828	56	5.143223041052875E29
828	57	5.926709875652699E29
828	58	2.442308214946664E29
828	59	1.3153428610070034E28
828	6	1.6572188603071758E29
828	60	5.926709875652699E29
828	61	3.923498654080638E29
828	62	1.2225838279744267E29
828	63	4.704126047678272E29
828	64	3.923498654080638E29
828	65	3.923498654080638E29
828	66	1.2225838279744267E29
828	67	1.2197243869722375E29
828	68	1.2241856255075997E29
828	69	5.143223041052875E29
828	7	2.700914826106211E29
828	70	5.926709875652699E29
828	71	1.6572188603072557E29
828	72	5.143223041052875E29
828	73	3.923498654080638E29
828	74	3.923498654080638E29
828	75	2.700914826106211E29
828	76	3.13554985843896E29
828	77	2.700914826106211E29
828	78	1.2225838279744267E29
828	79	2.700914826106211E29
828	8	3.9234993765871294E29
828	80	1.2225838279744267E29
828	81	1.228302709978805E29
828	82	2.700914826106211E29
828	83	6.361344907985448E29
828	84	3.2213330885046346E29
828	85	1.2225838279744267E29
828	86	5.143223041052875E29
828	87	1.2225838279744267E29
828	88	8.69270064665498E28
828	89	1.65726871327243E29
828	9	3.923498654080638E29
828	90	7.834868345998238E28
828	91	3.923498654080638E29
828	92	1.2225838279744267E29
828	93	3.920639213078448E29
828	94	3.13554985843896E29
828	95	5.143223041052875E29
828	96	1.2225838279744267E29
828	97	1.2225838279744267E29
828	98	1.2225838279744267E29
828	99	2.16751947535113E23
887	0	4.34635032332749E28
887	1	4.34635032332749E28
887	10	3.923498654080638E29
887	100	3.923498654080638E29
887	101	5.926709875652699E29
887	102	3.923498654080638E29
887	103	1.2197243869722375E29
887	104	5.143223041052875E29
887	105	5.143223041052875E29
887	106	2.442308214946664E29
887	107	1.2225838279744267E29
887	108	2.859441002189138E26
887	109	5.160379687066011E29
887	11	5.926709875652699E29
887	110	1.2225838279744267E29
887	111	5.229006271118549E29
887	112	3.920639213078448E29
887	113	1.2225838279744267E29
887	114	3.923498654080638E29
887	115	1.2225838279744267E29
887	116	1.6572188603071758E29
887	117	4.0550329401813386E29
887	118	1.6572188603071758E29
887	119	3.923498654080638E29
887	12	5.943866521665833E29
887	120	3.923498654080638E29
887	121	5.143223041052875E29
887	122	1.2225838279744267E29
887	123	2.442308214946664E29
887	124	2.700914826106211E29
887	125	3.923498654080638E29
887	126	1.2225838279744267E29
887	127	5.143223041052875E29
887	128	5.143223041052875E29
887	129	2.0060706625742505E29
887	13	3.923498654080638E29
887	130	6.361344907985448E29
887	131	5.143223041052875E29
887	132	5.143223041052875E29
887	133	5.143223041052875E29
887	134	2.700914826106211E29
887	135	3.923498654080638E29
887	136	2.700914826106211E29
887	137	3.923498654080638E29
887	138	3.923498654080638E29
887	139	1.2227064132944966E29
887	14	6.361344907985448E29
887	140	4.706985488680461E29
887	141	5.143223041052875E29
887	142	1.2225838279744267E29
887	143	5.718882004378276E26
887	144	1.2225838279744267E29
887	145	4.792768718746136E29
887	146	3.923498654080638E29
887	147	3.923498654080638E29
887	148	3.923498654080638E29
887	149	3.923498654080638E29
887	15	3.923498654080638E29
887	150	3.225795049546488E29
887	151	1.2225838279744267E29
887	152	5.143223041052875E29
887	153	1.2197243869722375E29
887	154	1.3512586730729379E29
887	155	1.2225838279744267E29
887	156	3.923498654080638E29
887	157	5.661693184334493E28
887	158	1.2225838279744267E29
887	159	4.0550329401813386E29
887	16	5.141620521013211E29
887	160	3.923498654080638E29
887	161	3.923498654080638E29
887	162	1.2225838279744267E29
887	163	3.923498654080638E29
887	164	1.2225838279744267E29
887	165	1.2225838279744267E29
887	166	1.2225838279744267E29
887	167	1.2225838279744267E29
887	168	2.442308214946664E29
887	169	3.923498654080638E29
887	17	2.0060706625742505E29
887	170	1.2225838279744267E29
887	171	4.34635032332749E28
887	172	5.143223041052875E29
887	173	1.2225838279744267E29
887	174	5.143223041052875E29
887	175	7.834868345998238E28
887	176	1.2225838279744267E29
887	177	1.3083670580401008E29
887	178	1.2225838279744267E29
887	179	5.148941923057253E29
887	18	2.8769432472794133E29
887	180	2.859441002189138E26
887	181	1.2225838279744267E29
887	182	1.2225838279744267E29
887	183	5.938147639661455E29
887	184	5.143223041052875E29
887	185	1.3541181140751271E29
887	186	1.3083670580401008E29
887	187	1.3541181140751271E29
887	188	1.2397404739875615E29
887	189	1.3541181140751271E29
887	19	5.143223041052875E29
887	190	4.985296525438621E24
887	191	4.0550329401813386E29
887	192	1.2225838279744267E29
887	193	3.923498654080638E29
887	194	1.2225838279744267E29
887	195	3.926358095082827E29
887	196	3.923498654080638E29
887	197	5.926709875652699E29
887	198	5.143223041052875E29
887	199	2.0060706625742505E29
887	2	2.700914826106211E29
887	20	5.143223041052875E29
887	200	1.2225838279744267E29
887	201	3.923498654080638E29
887	202	1.2225838279744267E29
887	203	5.926709875652699E29
887	204	2.0060706625742505E29
887	205	5.143223041052875E29
887	206	1.2225838279744267E29
887	207	4.34635032332749E28
887	208	1.2225838279744267E29
887	209	1.2225838279744267E29
887	21	2.5280914450123383E29
887	210	2.4378462539048103E29
887	211	1.2225838279744267E29
887	212	1.6572188603071758E29
887	213	1.6572188603071758E29
887	214	1.788753146407876E29
887	215	4.0550329401813386E29
887	216	1.6572188603071758E29
887	217	5.143223041052875E29
887	218	1.3083670580401008E29
887	219	1.2225838279744267E29
887	22	1.3153428610070034E28
887	220	5.926709875652699E29
887	221	1.225443268976616E29
887	222	1.2225838279744267E29
887	223	1.2225838279744267E29
887	224	1.2225843096454212E29
887	225	1.657218942410186E29
887	226	3.920639213078448E29
887	227	3.923498654080638E29
887	228	1.2225838279744267E29
887	229	3.923498654080638E29
887	23	3.923498654080638E29
887	230	3.923498654080638E29
887	231	2.7037742671084E29
887	232	1.2225838279744267E29
887	233	5.143223041052875E29
887	234	1.2225838279744267E29
887	235	1.2225838279744267E29
887	236	1.2225838279744267E29
887	237	2.700914826106211E29
887	238	7.850886321329968E28
887	239	5.143223041052875E29
887	24	2.0060706625742505E29
887	240	3.923498654080638E29
887	241	2.700914826106211E29
887	242	1.2225838279744267E29
887	243	3.923498654080638E29
887	244	2.700914826106211E29
887	245	3.969249710115664E29
887	246	1.225443268976616E29
887	247	1.3153428610070034E28
887	248	2.0060706625742505E29
887	249	3.484401660706035E29
887	25	7.834868345998238E28
887	26	1.2225838279744267E29
887	27	1.2225838279744267E29
887	28	4.706985488680461E29
887	29	5.143223041052875E29
887	3	3.923498654080638E29
887	30	1.3153428610070034E28
887	31	1.2225838279744267E29
887	32	3.920639213078448E29
887	33	1.2225838279744267E29
887	34	1.3541181140751271E29
887	35	2.700914826106211E29
887	36	3.923498654080638E29
887	37	3.923498654080638E29
887	38	1.2241863480140914E29
887	39	3.923498654080638E29
887	4	2.8324491122069113E29
887	40	1.2225838279744267E29
887	41	5.1437902088741026E29
887	42	5.143223041052875E29
887	43	1.2225838279744267E29
887	44	3.923498654080638E29
887	45	5.143223041052875E29
887	46	5.143223041052875E29
887	47	1.3541181140751271E29
887	48	1.2197243869722375E29
887	49	3.923498654080638E29
887	5	1.2225838279744267E29
887	50	5.143223041052875E29
887	51	1.2225838279744267E29
887	52	2.442308214946664E29
887	53	3.923498654080638E29
887	54	3.923498654080638E29
887	55	1.3153428610070034E28
887	56	5.143223041052875E29
887	57	5.926709875652699E29
887	58	2.442308214946664E29
887	59	1.3153428610070034E28
887	6	1.6572188603071758E29
887	60	5.926709875652699E29
887	61	3.923498654080638E29
887	62	1.2225838279744267E29
887	63	4.704126047678272E29
887	64	3.923498654080638E29
887	65	3.923498654080638E29
887	66	1.2225838279744267E29
887	67	1.2197243869722375E29
887	68	1.2241856255075997E29
887	69	5.143223041052875E29
887	7	2.700914826106211E29
887	70	5.926709875652699E29
887	71	1.6572188603072557E29
887	72	5.143223041052875E29
887	73	3.923498654080638E29
887	74	3.923498654080638E29
887	75	2.700914826106211E29
887	76	3.13554985843896E29
887	77	2.700914826106211E29
887	78	1.2225838279744267E29
887	79	2.700914826106211E29
887	8	3.9234993765871294E29
887	80	1.2225838279744267E29
887	81	1.228302709978805E29
887	82	2.700914826106211E29
887	83	6.361344907985448E29
887	84	3.2213330885046346E29
887	85	1.2225838279744267E29
887	86	5.143223041052875E29
887	87	1.2225838279744267E29
887	88	8.69270064665498E28
887	89	1.65726871327243E29
887	9	3.923498654080638E29
887	90	7.834868345998238E28
887	91	3.923498654080638E29
887	92	1.2225838279744267E29
887	93	3.920639213078448E29
887	94	3.13554985843896E29
887	95	5.143223041052875E29
887	96	1.2225838279744267E29
887	97	1.2225838279744267E29
887	98	1.2225838279744267E29
887	99	2.16751947535113E23
906	0	5.2688892133399335E26
906	1	5.2688892133399335E26
906	10	4.756284744487124E27
906	100	4.756284744487124E27
906	101	7.184689546726362E27
906	102	4.756284744487124E27
906	103	1.4786181940450668E27
906	104	6.234902938532191E27
906	105	6.234902938532191E27
906	106	2.960702762572594E27
906	107	1.4820845685275273E27
906	108	3.466374482460482E24
906	109	6.255701185426954E27
906	11	7.184689546726362E27
906	110	1.4820845685275273E27
906	111	6.338894173006005E27
906	112	4.752818370004663E27
906	113	1.4820845685275273E27
906	114	4.756284744487124E27
906	115	1.4820845685275273E27
906	116	2.0089734898615205E27
906	117	4.915737970680306E27
906	118	2.0089734898615205E27
906	119	4.756284744487124E27
906	12	7.205487793621125E27
906	120	4.756284744487124E27
906	121	6.234902938532191E27
906	122	1.4820845685275273E27
906	123	2.960702762572594E27
906	124	3.2742001759595966E27
906	125	4.756284744487124E27
906	126	1.4820845685275273E27
906	127	6.234902938532191E27
906	128	6.234902938532191E27
906	129	2.4318711767216993E27
906	13	4.756284744487124E27
906	130	7.711578468060356E27
906	131	6.234902938532191E27
906	132	6.234902938532191E27
906	133	6.234902938532191E27
906	134	3.2742001759595966E27
906	135	4.756284744487124E27
906	136	3.2742001759595966E27
906	137	4.756284744487124E27
906	138	4.756284744487124E27
906	139	1.482233173316047E27
906	14	7.711578468060356E27
906	140	5.706071352681295E27
906	141	6.234902938532191E27
906	142	1.4820845685275273E27
906	143	6.932748964920964E24
906	144	1.4820845685275273E27
906	145	5.81006258715511E27
906	146	4.756284744487124E27
906	147	4.756284744487124E27
906	148	4.756284744487124E27
906	149	4.756284744487124E27
906	15	4.756284744487124E27
906	150	3.9104893707667664E27
906	151	1.4820845685275273E27
906	152	6.234902938532191E27
906	153	1.4786181940450668E27
906	154	1.638071420238249E27
906	155	1.4820845685275273E27
906	156	4.756284744487124E27
906	157	6.863421475271755E26
906	158	1.4820845685275273E27
906	159	4.915737970680306E27
906	16	6.232960274015289E27
906	160	4.756284744487124E27
906	161	4.756284744487124E27
906	162	1.4820845685275273E27
906	163	4.756284744487124E27
906	164	1.4820845685275273E27
906	165	1.4820845685275273E27
906	166	1.4820845685275273E27
906	167	1.4820845685275273E27
906	168	2.960702762572594E27
906	169	4.756284744487124E27
906	17	2.4318711767216993E27
906	170	1.4820845685275273E27
906	171	5.2688892133399335E26
906	172	6.234902938532191E27
906	173	1.4820845685275273E27
906	174	6.234902938532191E27
906	175	9.497866081941721E26
906	176	1.4820845685275273E27
906	177	1.5860758030013418E27
906	178	1.4820845685275273E27
906	179	6.241835687497112E27
906	18	3.487591683906587E27
906	180	3.466374482460482E24
906	181	1.4820845685275273E27
906	182	1.4820845685275273E27
906	183	7.198555044656206E27
906	184	6.234902938532191E27
906	185	1.6415377947207095E27
906	186	1.5860758030013418E27
906	187	1.6415377947207095E27
906	188	1.50288281542229E27
906	189	1.6415377947207095E27
906	19	6.234902938532191E27
906	190	6.0434555740263176E22
906	191	4.915737970680306E27
906	192	1.4820845685275273E27
906	193	4.756284744487124E27
906	194	1.4820845685275273E27
906	195	4.759751118969585E27
906	196	4.756284744487124E27
906	197	7.184689546726362E27
906	198	6.234902938532191E27
906	199	2.4318711767216993E27
906	2	3.2742001759595966E27
906	20	6.234902938532191E27
906	200	1.4820845685275273E27
906	201	4.756284744487124E27
906	202	1.4820845685275273E27
906	203	7.184689546726362E27
906	204	2.4318711767216993E27
906	205	6.234902938532191E27
906	206	1.4820845685275273E27
906	207	5.2688892133399335E26
906	208	1.4820845685275273E27
906	209	1.4820845685275273E27
906	21	3.064693997046409E27
906	210	2.955293723573232E27
906	211	1.4820845685275273E27
906	212	2.0089734898615205E27
906	213	2.0089734898615205E27
906	214	2.1684267160547027E27
906	215	4.915737970680306E27
906	216	2.0089734898615205E27
906	217	6.234902938532191E27
906	218	1.5860758030013418E27
906	219	1.4820845685275273E27
906	22	1.594532261931822E26
906	220	7.184689546726362E27
906	221	1.485550943009988E27
906	222	1.4820845685275273E27
906	223	1.4820845685275273E27
906	224	1.4820851524360756E27
906	225	2.0089735893913868E27
906	226	4.752818370004663E27
906	227	4.756284744487124E27
906	228	1.4820845685275273E27
906	229	4.756284744487124E27
906	23	4.756284744487124E27
906	230	4.756284744487124E27
906	231	3.277666550442057E27
906	232	1.4820845685275273E27
906	233	6.234902938532191E27
906	234	1.4820845685275273E27
906	235	1.4820845685275273E27
906	236	1.4820845685275273E27
906	237	3.2742001759595966E27
906	238	9.51728396848251E26
906	239	6.234902938532191E27
906	24	2.4318711767216993E27
906	240	4.756284744487124E27
906	241	3.2742001759595966E27
906	242	1.4820845685275273E27
906	243	4.756284744487124E27
906	244	3.2742001759595966E27
906	245	4.811746736206492E27
906	246	1.485550943009988E27
906	247	1.594532261931822E26
906	248	2.4318711767216993E27
906	249	4.2239867841537686E27
906	25	9.497866081941721E26
906	26	1.4820845685275273E27
906	27	1.4820845685275273E27
906	28	5.706071352681295E27
906	29	6.234902938532191E27
906	3	4.756284744487124E27
906	30	1.594532261931822E26
906	31	1.4820845685275273E27
906	32	4.752818370004663E27
906	33	1.4820845685275273E27
906	34	1.6415377947207095E27
906	35	3.2742001759595966E27
906	36	4.756284744487124E27
906	37	4.756284744487124E27
906	38	1.4840272330444286E27
906	39	4.756284744487124E27
906	4	3.433653402152779E27
906	40	1.4820845685275273E27
906	41	6.235590491120711E27
906	42	6.234902938532191E27
906	43	1.4820845685275273E27
906	44	4.756284744487124E27
906	45	6.234902938532191E27
906	46	6.234902938532191E27
906	47	1.6415377947207095E27
906	48	1.4786181940450668E27
906	49	4.756284744487124E27
906	5	1.4820845685275273E27
906	50	6.234902938532191E27
906	51	1.4820845685275273E27
906	52	2.960702762572594E27
906	53	4.756284744487124E27
906	54	4.756284744487124E27
906	55	1.594532261931822E26
906	56	6.234902938532191E27
906	57	7.184689546726362E27
906	58	2.960702762572594E27
906	59	1.594532261931822E26
906	6	2.0089734898615205E27
906	60	7.184689546726362E27
906	61	4.756284744487124E27
906	62	1.4820845685275273E27
906	63	5.702604978198836E27
906	64	4.756284744487124E27
906	65	4.756284744487124E27
906	66	1.4820845685275273E27
906	67	1.4786181940450668E27
906	68	1.4840263571816062E27
906	69	6.234902938532191E27
906	7	3.2742001759595966E27
906	70	7.184689546726362E27
906	71	2.0089734898616176E27
906	72	6.234902938532191E27
906	73	4.756284744487124E27
906	74	4.756284744487124E27
906	75	3.2742001759595966E27
906	76	3.80108909729359E27
906	77	3.2742001759595966E27
906	78	1.4820845685275273E27
906	79	3.2742001759595966E27
906	8	4.7562856203499464E27
906	80	1.4820845685275273E27
906	81	1.4890173174924482E27
906	82	3.2742001759595966E27
906	83	7.711578468060356E27
906	84	3.905080331767404E27
906	85	1.4820845685275273E27
906	86	6.234902938532191E27
906	87	1.4820845685275273E27
906	88	1.0537778426679866E27
906	89	2.009033924417261E27
906	9	4.756284744487124E27
906	90	9.497866081941721E26
906	91	4.756284744487124E27
906	92	1.4820845685275273E27
906	93	4.752818370004663E27
906	94	3.80108909729359E27
906	95	6.234902938532191E27
906	96	1.4820845685275273E27
906	97	1.4820845685275273E27
906	98	1.4820845685275273E27
906	99	2.6275884670609177E21
929	0	4.9656366222928845E25
929	1	4.9656366222928845E25
929	10	4.482535266348265E26
929	100	4.482535266348265E26
929	101	6.771172459406113E26
929	102	4.482535266348265E26
929	103	1.3935158545655775E26
929	104	5.876051120913843E26
929	105	5.876051120913843E26
929	106	2.7902985753300317E26
929	107	1.3967827207644544E26
929	108	3.266866198876897E23
929	109	5.895652318107104E26
929	11	6.771172459406113E26
929	110	1.3967827207644544E26
929	111	5.974057106880149E26
929	112	4.479268400149388E26
929	113	1.3967827207644544E26
929	114	4.482535266348265E26
929	115	1.3967827207644544E26
929	116	1.893346382993743E26
929	117	4.632811111496602E26
929	118	1.893346382993743E26
929	119	4.482535266348265E26
929	12	6.790773656599374E26
929	120	4.482535266348265E26
929	121	5.876051120913843E26
929	122	1.3967827207644544E26
929	123	2.7902985753300317E26
929	124	3.0857525455838105E26
929	125	4.482535266348265E26
929	126	1.3967827207644544E26
929	127	5.876051120913843E26
929	128	5.876051120913843E26
929	129	2.2919040592567243E26
929	13	4.482535266348265E26
929	130	7.267736121635401E26
929	131	5.876051120913843E26
929	132	5.876051120913843E26
929	133	5.876051120913843E26
929	134	3.0857525455838105E26
929	135	4.482535266348265E26
929	136	3.0857525455838105E26
929	137	4.482535266348265E26
929	138	4.482535266348265E26
929	139	1.3969227725572027E26
929	14	7.267736121635401E26
929	140	5.377656604840535E26
929	141	5.876051120913843E26
929	142	1.3967827207644544E26
929	143	6.533732397753794E23
929	144	1.3967827207644544E26
929	145	5.475662590806842E26
929	146	4.482535266348265E26
929	147	4.482535266348265E26
929	148	4.482535266348265E26
929	149	4.482535266348265E26
929	15	4.482535266348265E26
929	150	3.6854199138223015E26
929	151	1.3967827207644544E26
929	152	5.876051120913843E26
929	153	1.3935158545655775E26
929	154	1.5437916997139148E26
929	155	1.3967827207644544E26
929	156	4.482535266348265E26
929	157	6.468395073776258E25
929	158	1.3967827207644544E26
929	159	4.632811111496602E26
929	16	5.8742202670698235E26
929	160	4.482535266348265E26
929	161	4.482535266348265E26
929	162	1.3967827207644544E26
929	163	4.482535266348265E26
929	164	1.3967827207644544E26
929	165	1.3967827207644544E26
929	166	1.3967827207644544E26
929	167	1.3967827207644544E26
929	168	2.7902985753300317E26
929	169	4.482535266348265E26
929	17	2.2919040592567243E26
929	170	1.3967827207644544E26
929	171	4.9656366222928845E25
929	172	5.876051120913843E26
929	173	1.3967827207644544E26
929	174	5.876051120913843E26
929	175	8.9512133849227E25
929	176	1.3967827207644544E26
929	177	1.4947887067307613E26
929	178	1.3967827207644544E26
929	179	5.882584853311596E26
929	18	3.2868622375593204E26
929	180	3.266866198876897E23
929	181	1.3967827207644544E26
929	182	1.3967827207644544E26
929	183	6.78423992420162E26
929	184	5.876051120913843E26
929	185	1.5470585659127916E26
929	186	1.4947887067307613E26
929	187	1.5470585659127916E26
929	188	1.4163839179577158E26
929	189	1.5470585659127916E26
929	19	5.876051120913843E26
929	190	5.695622570238507E21
929	191	4.632811111496602E26
929	192	1.3967827207644544E26
929	193	4.482535266348265E26
929	194	1.3967827207644544E26
929	195	4.485802132547142E26
929	196	4.482535266348265E26
929	197	6.771172459406113E26
929	198	5.876051120913843E26
929	199	2.2919040592567243E26
929	2	3.0857525455838105E26
929	20	5.876051120913843E26
929	200	1.3967827207644544E26
929	201	4.482535266348265E26
929	202	1.3967827207644544E26
929	203	6.771172459406113E26
929	204	2.2919040592567243E26
929	205	5.876051120913843E26
929	206	1.3967827207644544E26
929	207	4.9656366222928845E25
929	208	1.3967827207644544E26
929	209	1.3967827207644544E26
929	21	2.8883045612963387E26
929	210	2.785200855287136E26
929	211	1.3967827207644544E26
929	212	1.893346382993743E26
929	213	1.893346382993743E26
929	214	2.04362222814208E26
929	215	4.632811111496602E26
929	216	1.893346382993743E26
929	217	5.876051120913843E26
929	218	1.4947887067307613E26
929	219	1.3967827207644544E26
929	22	1.5027584514833728E25
929	220	6.771172459406113E26
929	221	1.4000495869633312E26
929	222	1.3967827207644544E26
929	223	1.3967827207644544E26
929	224	1.3967832710659609E26
929	225	1.893346476795136E26
929	226	4.479268400149388E26
929	227	4.482535266348265E26
929	228	1.3967827207644544E26
929	229	4.482535266348265E26
929	23	4.482535266348265E26
929	230	4.482535266348265E26
929	231	3.0890194117826875E26
929	232	1.3967827207644544E26
929	233	5.876051120913843E26
929	234	1.3967827207644544E26
929	235	1.3967827207644544E26
929	236	1.3967827207644544E26
929	237	3.0857525455838105E26
929	238	8.969513668840294E25
929	239	5.876051120913843E26
929	24	2.2919040592567243E26
929	240	4.482535266348265E26
929	241	3.0857525455838105E26
929	242	1.3967827207644544E26
929	243	4.482535266348265E26
929	244	3.0857525455838105E26
929	245	4.5348051255302955E26
929	246	1.4000495869633312E26
929	247	1.5027584514833728E25
929	248	2.2919040592567243E26
929	249	3.98087388407608E26
929	25	8.9512133849227E25
929	26	1.3967827207644544E26
929	27	1.3967827207644544E26
929	28	5.377656604840535E26
929	29	5.876051120913843E26
929	3	4.482535266348265E26
929	30	1.5027584514833728E25
929	31	1.3967827207644544E26
929	32	4.479268400149388E26
929	33	1.3967827207644544E26
929	34	1.5470585659127916E26
929	35	3.0857525455838105E26
929	36	4.482535266348265E26
929	37	4.482535266348265E26
929	38	1.3986135746084734E26
929	39	4.482535266348265E26
929	4	3.236028390732148E26
929	40	1.3967827207644544E26
929	41	5.8766991011948975E26
929	42	5.876051120913843E26
929	43	1.3967827207644544E26
929	44	4.482535266348265E26
929	45	5.876051120913843E26
929	46	5.876051120913843E26
929	47	1.5470585659127916E26
929	48	1.3935158545655775E26
929	49	4.482535266348265E26
929	5	1.3967827207644544E26
929	50	5.876051120913843E26
929	51	1.3967827207644544E26
929	52	2.7902985753300317E26
929	53	4.482535266348265E26
929	54	4.482535266348265E26
929	55	1.5027584514833728E25
929	56	5.876051120913843E26
929	57	6.771172459406113E26
929	58	2.7902985753300317E26
929	59	1.5027584514833728E25
929	6	1.893346382993743E26
929	60	6.771172459406113E26
929	61	4.482535266348265E26
929	62	1.3967827207644544E26
929	63	5.3743897386416575E26
929	64	4.482535266348265E26
929	65	4.482535266348265E26
929	66	1.3967827207644544E26
929	67	1.3935158545655775E26
929	68	1.3986127491562138E26
929	69	5.876051120913843E26
929	7	3.0857525455838105E26
929	70	6.771172459406113E26
929	71	1.893346382993834E26
929	72	5.876051120913843E26
929	73	4.482535266348265E26
929	74	4.482535266348265E26
929	75	3.0857525455838105E26
929	76	3.582316207813099E26
929	77	3.0857525455838105E26
929	78	1.3967827207644544E26
929	79	3.0857525455838105E26
929	8	4.482536091800524E26
929	80	1.3967827207644544E26
929	81	1.4033164531622082E26
929	82	3.0857525455838105E26
929	83	7.267736121635401E26
929	84	3.680322193779406E26
929	85	1.3967827207644544E26
929	86	5.876051120913843E26
929	87	1.3967827207644544E26
929	88	9.931273244585769E25
929	89	1.893403339219445E26
929	9	4.482535266348265E26
929	90	8.9512133849227E25
929	91	4.482535266348265E26
929	92	1.3967827207644544E26
929	93	4.479268400149388E26
929	94	3.582316207813099E26
929	95	5.876051120913843E26
929	96	1.3967827207644544E26
929	97	1.3967827207644544E26
929	98	1.3967827207644544E26
929	99	2.4763567788287666E20
933	0	5.26942567536E11
933	1	5.26942567536E11
933	10	4.756769014704E12
933	100	4.756769014704E12
933	101	7.185421069617E12
933	102	4.756769014704E12
933	103	1.478768742381E12
933	104	6.235537757085E12
933	105	6.235537757085E12
933	106	2.96100421218E12
933	107	1.482235469799E12
933	108	3.466727418E9
933	109	6.256338121593E12
933	11	7.185421069617E12
933	110	1.482235469799E12
933	111	6.339539579625E12
933	112	4.753302287286E12
933	113	1.482235469799E12
933	114	4.756769014704E12
933	115	1.482235469799E12
933	116	2.009178037335E12
933	117	4.916238475932E12
933	118	2.009178037335E12
933	119	4.756769014704E12
933	12	7.206221434125E12
933	120	4.756769014704E12
933	121	6.235537757085E12
933	122	1.482235469799E12
933	123	2.96100421218E12
933	124	3.274533544905E12
933	125	4.756769014704E12
933	126	1.482235469799E12
933	127	6.235537757085E12
933	128	6.235537757085E12
933	129	2.432118782331E12
933	13	4.756769014704E12
933	130	7.712363637153E12
933	131	6.235537757085E12
933	132	6.235537757085E12
933	133	6.235537757085E12
933	134	3.274533544905E12
933	135	4.756769014704E12
933	136	3.274533544905E12
933	137	4.756769014704E12
933	138	4.756769014704E12
933	139	1.482384089718E12
933	14	7.712363637153E12
933	140	5.706652327236E12
933	141	6.235537757085E12
933	142	1.482235469799E12
933	143	6.933454836E9
933	144	1.482235469799E12
933	145	5.810654149776E12
933	146	4.756769014704E12
933	147	4.756769014704E12
933	148	4.756769014704E12
933	149	4.756769014704E12
933	15	4.756769014704E12
933	150	3.910887524712E12
933	151	1.482235469799E12
933	152	6.235537757085E12
933	153	1.478768742381E12
933	154	1.638238203609E12
933	155	1.482235469799E12
933	156	4.756769014704E12
933	157	6.86412028764E11
933	158	1.482235469799E12
933	159	4.916238475932E12
933	16	6.233594894772E12
933	160	4.756769014704E12
933	161	4.756769014704E12
933	162	1.482235469799E12
933	163	4.756769014704E12
933	164	1.482235469799E12
933	165	1.482235469799E12
933	166	1.482235469799E12
933	167	1.482235469799E12
933	168	2.96100421218E12
933	169	4.756769014704E12
933	17	2.432118782331E12
933	170	1.482235469799E12
933	171	5.26942567536E11
933	172	6.235537757085E12
933	173	1.482235469799E12
933	174	6.235537757085E12
933	175	9.49883312532E11
933	176	1.482235469799E12
933	177	1.586237292339E12
933	178	1.482235469799E12
933	179	6.242471211921E12
933	18	3.487946779716E12
933	180	3.466727418E9
933	181	1.482235469799E12
933	182	1.482235469799E12
933	183	7.199287979289E12
933	184	6.235537757085E12
933	185	1.641704931027E12
933	186	1.586237292339E12
933	187	1.641704931027E12
933	188	1.503035834307E12
933	189	1.641704931027E12
933	19	6.235537757085E12
933	190	6.0440709E7
933	191	4.916238475932E12
933	192	1.482235469799E12
933	193	4.756769014704E12
933	194	1.482235469799E12
933	195	4.760235742122E12
933	196	4.756769014704E12
933	197	7.185421069617E12
933	198	6.235537757085E12
933	199	2.432118782331E12
933	2	3.274533544905E12
933	20	6.235537757085E12
933	200	1.482235469799E12
933	201	4.756769014704E12
933	202	1.482235469799E12
933	203	7.185421069617E12
933	204	2.432118782331E12
933	205	6.235537757085E12
933	206	1.482235469799E12
933	207	5.26942567536E11
933	208	1.482235469799E12
933	209	1.482235469799E12
933	21	3.06500603472E12
933	210	2.955594622449E12
933	211	1.482235469799E12
933	212	2.009178037335E12
933	213	2.009178037335E12
933	214	2.168647498563E12
933	215	4.916238475932E12
933	216	2.009178037335E12
933	217	6.235537757085E12
933	218	1.586237292339E12
933	219	1.482235469799E12
933	22	1.59469461228E11
933	220	7.185421069617E12
933	221	1.485702197217E12
933	222	1.482235469799E12
933	223	1.482235469799E12
933	224	1.482236053767E12
933	225	2.009178136875E12
933	226	4.753302287286E12
933	227	4.756769014704E12
933	228	1.482235469799E12
933	229	4.756769014704E12
933	23	4.756769014704E12
933	230	4.756769014704E12
933	231	3.278000272323E12
933	232	1.482235469799E12
933	233	6.235537757085E12
933	234	1.482235469799E12
933	235	1.482235469799E12
933	236	1.482235469799E12
933	237	3.274533544905E12
933	238	9.51825298893E11
933	239	6.235537757085E12
933	24	2.432118782331E12
933	240	4.756769014704E12
933	241	3.274533544905E12
933	242	1.482235469799E12
933	243	4.756769014704E12
933	244	3.274533544905E12
933	245	4.812236653392E12
933	246	1.485702197217E12
933	247	1.59469461228E11
933	248	2.432118782331E12
933	249	4.224416857437E12
933	25	9.49883312532E11
933	26	1.482235469799E12
933	27	1.482235469799E12
933	28	5.706652327236E12
933	29	6.235537757085E12
933	3	4.756769014704E12
933	30	1.59469461228E11
933	31	1.482235469799E12
933	32	4.753302287286E12
933	33	1.482235469799E12
933	34	1.641704931027E12
933	35	3.274533544905E12
933	36	4.756769014704E12
933	37	4.756769014704E12
933	38	1.484178332112E12
933	39	4.756769014704E12
933	4	3.434003006133E12
933	40	1.482235469799E12
933	41	6.236225379678E12
933	42	6.235537757085E12
933	43	1.482235469799E12
933	44	4.756769014704E12
933	45	6.235537757085E12
933	46	6.235537757085E12
933	47	1.641704931027E12
933	48	1.478768742381E12
933	49	4.756769014704E12
933	5	1.482235469799E12
933	50	6.235537757085E12
933	51	1.482235469799E12
933	52	2.96100421218E12
933	53	4.756769014704E12
933	54	4.756769014704E12
933	55	1.59469461228E11
933	56	6.235537757085E12
933	57	7.185421069617E12
933	58	2.96100421218E12
933	59	1.59469461228E11
933	6	2.009178037335E12
933	60	7.185421069617E12
933	61	4.756769014704E12
933	62	1.482235469799E12
933	63	5.703185599818E12
933	64	4.756769014704E12
933	65	4.756769014704E12
933	66	1.482235469799E12
933	67	1.478768742381E12
933	68	1.48417745616E12
933	69	6.235537757085E12
933	7	3.274533544905E12
933	70	7.185421069617E12
933	71	2.009178037335E12
933	72	6.235537757085E12
933	73	4.756769014704E12
933	74	4.756769014704E12
933	75	3.274533544905E12
933	76	3.801476112441E12
933	77	3.274533544905E12
933	78	1.482235469799E12
933	79	3.274533544905E12
933	8	4.756769890656E12
933	80	1.482235469799E12
933	81	1.489168924635E12
933	82	3.274533544905E12
933	83	7.712363637153E12
933	84	3.905477934981E12
933	85	1.482235469799E12
933	86	6.235537757085E12
933	87	1.482235469799E12
933	88	1.053885135072E12
933	89	2.009238478044E12
933	9	4.756769014704E12
933	90	9.49883312532E11
933	91	4.756769014704E12
933	92	1.482235469799E12
933	93	4.753302287286E12
933	94	3.801476112441E12
933	95	6.235537757085E12
933	96	1.482235469799E12
933	97	1.482235469799E12
933	98	1.482235469799E12
933	99	2627856.0
