26	25
29	28
35	30
35	4
35	31
35	32
35	4
35	33
35	34
37	30
37	4
37	36
190	17
190	50
190	184
190	38
190	47
190	123
190	175
190	189
190	55
190	175
190	48
193	192
214	198
214	200
214	201
214	203
214	204
214	206
214	207
214	209
214	210
214	196
214	194
214	211
214	213
216	215
217	192
218	191
220	219
222	17
222	38
222	47
222	175
222	221
413	169
413	175
413	59
413	187
413	223
413	98
413	230
413	43
413	232
413	235
413	5
413	196
413	47
413	363
413	365
413	58
413	45
413	14
413	38
413	367
413	4
413	65
413	2
413	412
413	4
413	153
413	188
413	40
413	17
420	419
421	412
422	412
424	423
32	30
32	4
425	4
192	191
30	4
426	4
429	17
429	428
433	431
433	228
433	432
433	2
115	87
115	88
115	114
434	17
436	435
437	435
439	17
439	438
440	17
440	439
442	178
442	441
442	175
444	237
444	443
324	321
446	445
448	447
117	65
117	65
117	82
117	74
117	76
117	65
93	17
450	449
450	79
451	63
451	64
452	326
452	326
309	17
309	17
455	412
456	11
375	17
375	374
457	17
457	375
457	428
449	65
449	68
449	65
418	4
418	414
418	17
418	320
418	417
418	17
418	36
418	355
458	17
458	17
459	17
459	17
460	17
460	17
73	56
175	55
462	55
65	63
65	64
68	65
463	4
340	159
360	159
464	343
256	253
256	254
256	255
22	20
22	21
36	4
467	466
468	106
468	145
76	75
140	139
62	61
469	117
470	144
472	174
472	471
471	141
471	71
182	71
396	395
475	473
475	474
27	4
477	63
477	65
477	59
477	68
477	64
477	65
477	476
96	17
411	60
411	59
411	126
411	410
411	58
480	17
480	479
318	159
318	159
60	59
60	58
126	60
126	59
126	58
481	63
481	140
481	66
481	88
481	64
410	60
410	59
59	58
70	63
70	67
70	64
67	66
512	482
513	47
516	514
516	209
516	201
516	196
516	204
516	364
516	206
516	197
516	515
94	51
94	26
209	205
209	202
209	208
517	159
156	154
156	155
343	159
343	159
343	159
518	159
518	159
519	159
522	520
522	521
522	159
523	519
523	159
525	524
526	161
527	13
527	321
283	273
283	274
283	275
283	276
283	277
283	278
283	279
283	280
283	281
283	282
293	273
293	274
293	275
293	276
293	277
293	278
293	279
293	280
293	281
293	282
532	528
532	529
532	530
532	531
534	337
534	533
543	541
543	542
545	159
545	544
545	159
221	40
221	49
548	38
548	47
548	41
548	221
548	48
548	547
50	47
50	49
50	45
49	38
49	47
49	43
49	48
549	379
549	224
549	383
549	384
549	385
549	387
549	388
116	115
251	17
268	265
268	266
268	267
268	103
552	159
272	270
272	271
407	17
555	553
555	554
45	44
43	42
560	558
560	559
476	79
476	450
561	159
561	159
406	250
4	2
203	202
563	540
563	562
563	536
564	63
564	65
564	64
565	523
565	519
566	514
567	4
568	340
569	412
571	3
571	570
571	4
571	33
571	2
571	99
326	159
345	326
576	572
576	573
576	575
579	326
579	326
580	330
580	509
579	578
579	326
581	4
581	3
583	514
583	582
583	207
583	196
583	194
583	365
583	206
585	584
588	586
588	114
588	587
590	589
590	4
591	589
82	63
82	65
82	65
197	196
592	159
166	165
595	594
605	601
605	604
198	195
198	197
606	65
606	80
606	64
606	65
342	159
342	159
342	340
607	3
607	2
415	17
305	159
608	4
608	3
611	4
611	609
611	31
611	3
611	27
611	610
611	570
611	11
611	4
611	12
611	2
611	99
612	4
612	31
612	27
612	610
613	4
613	28
613	27
613	610
614	192
616	615
616	4
616	15
616	3
616	589
616	11
616	4
616	33
616	2
625	624
626	17
626	602
626	603
624	617
624	618
624	623
69	62
69	65
69	67
69	68
71	69
71	70
627	564
629	628
629	149
629	105
215	198
215	211
630	584
630	364
631	210
584	204
710	709
710	708
711	4
711	609
711	27
711	610
711	570
711	11
711	4
711	33
711	2
247	159
247	159
247	159
533	247
520	159
521	159
141	134
141	65
141	138
141	140
141	67
414	17
416	17
416	415
714	713
714	712
714	547
715	17
716	578
716	159
716	579
716	159
716	340
716	326
716	326
127	115
127	70
417	17
417	416
717	96
228	196
718	405
719	607
719	228
720	515
721	607
722	463
722	567
724	723
725	607
686	684
686	685
181	175
729	727
729	580
729	728
728	727
728	580
727	726
727	580
731	730
732	407
733	407
74	72
74	73
79	63
79	65
79	64
79	65
735	734
735	604
737	72
737	73
737	76
147	51
738	108
738	737
738	135
97	96
97	17
574	158
739	159
46	38
46	40
46	41
46	43
46	45
740	175
740	55
339	326
785	783
785	784
785	690
786	326
34	27
341	340
787	2
189	185
189	186
189	187
189	188
335	314
335	159
790	788
790	789
677	17
677	17
589	4
589	445
48	47
791	48
149	144
143	140
143	58
793	792
793	130
303	302
794	200
794	213
408	2
796	607
796	4
796	15
796	3
796	589
796	795
796	4
796	33
796	2
828	826
828	827
829	708
830	198
830	17
830	175
830	187
830	384
830	447
830	367
830	543
830	401
830	355
830	388
830	28
830	188
830	149
839	116
839	17
839	797
839	607
839	668
839	79
839	604
839	697
839	565
839	753
839	494
839	272
839	388
839	327
839	476
839	831
839	406
839	708
839	82
839	385
839	493
839	450
839	759
839	814
839	103
839	820
839	627
839	743
839	4
839	832
839	804
839	117
839	233
839	17
839	662
839	172
839	593
839	833
839	387
839	17
839	706
839	68
839	656
839	456
839	264
839	834
839	65
839	690
839	835
839	623
839	515
839	185
839	17
839	836
839	63
839	449
839	65
839	837
839	745
839	14
839	175
839	4
839	838
839	2
839	782
839	359
839	175
839	821
839	595
839	173
839	408
839	17
841	840
842	663
862	514
862	305
862	175
862	17
862	666
862	59
862	673
862	166
862	843
862	494
862	476
862	209
862	159
862	212
862	831
862	159
862	196
862	340
862	82
862	667
862	47
862	93
862	850
862	803
862	482
862	852
862	198
862	855
862	699
862	507
862	332
862	54
862	618
862	159
862	4
862	17
862	159
862	17
862	696
862	319
862	227
862	17
862	165
862	856
862	692
862	689
862	804
862	824
862	858
862	296
862	687
862	807
862	649
862	156
862	834
862	859
862	5
862	466
862	861
862	129
862	17
862	17
862	515
862	185
862	17
862	444
862	703
862	836
862	337
862	559
862	14
862	175
862	401
862	46
862	782
862	6
862	17
862	173
862	408
862	360
862	17
863	159
556	77
138	111
138	134
138	114
138	136
138	112
138	137
136	112
136	133
137	111
137	132
134	63
134	114
134	132
134	133
134	64
338	159
338	159
173	119
173	144
445	4
865	201
865	196
865	365
865	515
103	100
103	101
103	102
365	196
365	364
860	180
860	803
99	4
99	4
99	2
866	326
867	845
867	847
31	4
31	27
28	27
609	27
610	27
868	178
869	860
869	172
183	141
183	72
183	117
183	73
183	67
183	58
183	70
183	127
123	122
175	170
870	178
870	175
366	175
845	844
845	175
845	175
846	844
846	175
846	845
846	184
846	175
846	171
131	57
854	175
854	125
854	175
180	179
180	178
175	123
848	175
848	847
848	175
848	170
848	810
871	57
871	175
847	175
847	846
847	175
847	170
872	179
872	175
872	172
178	175
172	57
172	171
546	46
712	546
712	47
712	547
47	46
713	712
547	546
873	386
813	811
813	812
812	698
876	874
876	875
882	877
882	881
881	698
881	876
881	878
881	880
884	698
884	876
884	880
886	698
886	876
886	878
699	698
880	875
880	879
890	887
890	888
890	889
891	858
895	893
895	888
895	894
895	889
858	857
896	893
896	889
897	4
897	3
897	589
897	567
897	4
897	2
4	3
4	2
3	2
902	514
903	195
903	206
904	514
905	899
906	801
907	898
908	901
909	900
910	801
911	801
912	801
913	198
913	195
913	901
913	898
913	206
913	197
128	117
128	74
128	126
128	76
128	127
914	62
914	83
914	117
914	73
914	82
914	128
914	74
914	76
914	58
914	127
83	71
83	65
83	78
83	79
83	81
83	65
83	82
83	76
83	77
83	65
80	65
80	65
81	78
81	80
915	4
916	4
916	2
918	792
918	917
918	130
230	229
919	175
919	188
919	367
920	213
920	515
834	175
188	123
188	175
367	366
367	175
921	2
922	445
923	17
925	456
925	589
925	924
925	4
578	577
578	341
734	604
160	17
161	160
161	17
926	845
926	847
927	198
927	205
927	195
761	617
761	250
761	760
761	26
928	205
150	71
150	106
150	65
150	134
150	117
150	59
150	74
150	76
150	68
150	135
150	65
150	62
150	141
150	65
150	82
150	140
150	142
150	67
150	146
150	108
150	77
150	148
150	149
150	127
246	17
246	17
77	62
77	74
77	76
929	604
930	105
314	159
327	303
327	298
781	297
781	299
331	156
299	296
332	299
297	296
300	297
300	298
300	299
778	777
931	4
645	17
645	415
15	4
12	4
12	11
107	106
107	63
107	66
107	64
108	64
108	107
129	17
213	212
200	199
337	336
337	243
244	13
244	243
932	159
78	65
78	68
78	77
933	546
933	46
934	321
707	258
238	13
935	797
935	175
936	13
936	325
33	4
33	2
799	798
799	103
937	2
577	340
483	17
350	17
319	17
775	17
361	17
939	17
942	941
942	775
942	159
260	259
285	265
285	101
285	257
285	269
285	266
285	17
285	261
285	10
285	103
285	262
285	256
285	272
285	283
285	6
285	5
285	22
285	284
285	17
285	267
285	17
285	17
689	436
689	688
689	437
943	523
943	546
943	223
943	47
943	637
541	540
541	519
541	457
154	17
312	305
312	17
312	17
312	306
312	17
312	307
312	308
312	302
312	17
312	309
312	156
312	17
312	17
312	162
312	17
312	17
312	310
312	159
312	17
312	311
312	17
312	17
312	17
944	17
944	17
944	17
945	17
945	17
945	17
304	303
286	103
946	57
946	848
175	172
947	92
947	799
947	734
947	698
947	175
947	52
947	699
947	175
947	170
947	25
948	17
311	17
163	17
163	161
163	17
163	17
163	17
163	17
163	17
163	17
163	17
163	17
163	162
163	17
163	17
163	17
163	17
163	17
949	226
344	159
344	159
344	342
344	343
227	226
836	125
836	227
805	180
805	182
805	227
805	123
805	803
805	804
950	845
950	122
950	180
950	847
950	227
950	123
950	926
950	468
804	178
804	442
804	175
804	182
804	227
804	175
951	182
951	469
953	57
953	952
953	175
953	175
953	227
953	868
953	469
802	17
144	17
144	143
144	55
954	5
955	17
955	63
955	134
955	135
955	148
66	62
66	17
105	95
105	17
105	97
105	14
105	98
105	104
135	95
135	129
135	17
135	105
53	17
56	52
56	53
56	55
145	52
145	53
145	55
54	17
75	17
139	17
139	129
139	17
956	86
90	89
957	93
957	129
957	17
87	17
87	86
586	17
586	86
113	17
64	17
61	17
966	958
966	106
966	61
966	75
966	792
966	917
966	806
966	66
966	121
966	135
966	145
966	72
966	144
966	120
966	91
966	176
966	58
966	959
966	17
966	105
966	960
966	961
966	962
966	802
966	118
966	963
966	130
966	54
966	119
966	964
966	628
966	139
966	165
966	56
966	965
966	55
966	53
966	148
967	5
967	14
967	17
967	494
965	5
965	22
968	17
168	17
168	167
168	14
168	103
133	17
110	17
964	17
964	17
969	17
969	52
970	52
130	62
130	17
130	17
130	129
130	76
130	55
130	17
174	62
174	141
174	71
174	106
174	117
174	59
174	74
174	76
174	68
174	77
174	149
174	127
971	17
971	17
971	55
971	175
959	17
833	64
72	17
558	556
558	141
558	65
558	78
558	59
558	557
558	68
558	65
63	17
58	17
972	98
972	104
973	97
973	98
973	55
974	17
975	147
975	92
975	52
114	17
114	86
114	108
587	17
587	86
109	17
109	84
109	85
109	108
132	17
977	958
977	106
977	61
977	75
977	792
977	917
977	806
977	66
977	121
977	135
977	145
977	72
977	144
977	120
977	91
977	176
977	58
977	959
977	17
977	105
977	960
977	961
977	962
977	802
977	118
977	963
977	130
977	54
977	119
977	964
977	628
977	139
977	165
977	976
977	56
977	55
977	53
977	148
978	5
978	14
978	17
978	494
976	5
976	22
792	17
176	17
142	111
142	112
114	63
114	17
114	89
979	17
979	51
981	980
982	17
982	51
112	17
112	89
112	64
169	168
983	17
983	958
983	17
983	91
983	17
983	167
983	14
983	165
983	55
983	175
984	109
984	588
984	132
984	113
984	115
985	556
985	79
985	81
985	477
985	65
985	59
985	82
985	70
985	65
985	984
111	17
124	64
114	90
114	109
114	110
114	111
114	87
114	112
114	88
114	113
114	64
106	91
106	92
106	105
119	17
806	800
806	168
917	17
960	17
960	17
961	168
961	17
961	17
628	17
628	17
963	17
962	52
148	106
148	147
118	62
118	17
118	17
118	76
118	55
682	17
682	17
682	17
682	17
682	162
682	17
682	17
682	17
682	17
347	346
358	17
358	17
358	17
358	17
780	17
780	51
780	104
164	17
164	159
164	17
164	163
372	370
372	17
372	371
986	17
986	51
307	17
940	520
940	545
940	159
940	464
620	17
620	17
359	17
263	257
263	258
263	260
263	261
263	262
325	151
325	324
783	305
783	17
783	625
783	440
783	668
783	744
783	494
783	25
783	388
783	327
783	746
783	241
783	51
783	159
783	747
783	18
783	771
783	497
783	772
783	760
783	10
783	500
783	770
783	762
783	17
783	95
783	17
783	512
783	319
783	512
783	17
783	248
783	499
783	512
783	252
783	475
783	754
783	17
783	26
783	672
783	264
783	17
783	17
783	295
783	5
783	773
783	244
783	17
783	498
783	17
783	14
783	17
783	17
783	774
783	362
783	595
783	501
783	512
783	360
783	17
783	13
783	775
783	501
783	262
783	272
783	776
783	493
783	482
783	778
783	265
783	373
783	501
783	17
783	352
783	779
783	396
783	743
783	17
783	240
783	17
783	17
783	617
783	17
783	17
783	308
783	353
783	512
783	156
783	624
783	159
783	52
783	780
783	690
783	17
783	626
783	17
783	512
783	761
783	781
783	104
783	782
783	303
783	6
783	17
783	359
783	350
783	512
783	17
825	17
825	668
825	745
825	14
825	814
825	38
825	565
825	743
825	815
825	816
825	743
825	820
825	272
825	743
825	658
825	743
825	730
825	17
825	763
825	821
825	747
825	17
825	690
825	493
825	326
825	159
825	824
784	634
784	763
784	668
784	673
784	493
784	689
784	507
824	17
824	335
824	13
824	491
824	17
824	505
824	17
824	159
824	264
824	17
824	17
824	777
824	5
824	708
824	688
824	329
824	244
824	159
824	482
824	760
824	352
824	507
824	243
824	502
824	159
824	503
824	359
824	509
824	822
824	595
824	823
824	504
824	360
824	17
824	326
690	444
690	672
690	440
690	14
690	319
690	673
690	686
690	687
690	689
690	507
672	17
672	634
672	159
672	668
672	159
672	671
672	355
821	17
821	17
821	337
821	17
821	349
821	14
821	743
821	17
821	649
821	743
821	264
821	747
821	17
821	244
821	58
821	17
820	17
820	305
820	743
820	817
820	439
820	373
820	17
820	506
820	744
820	819
820	247
820	396
820	17
820	623
988	987
989	17
989	17
990	17
603	512
512	17
512	6
512	495
512	17
512	17
512	17
512	239
512	511
512	243
497	17
497	495
497	17
497	496
497	17
498	17
498	497
498	488
991	373
991	741
991	819
991	244
741	339
741	159
155	17
162	17
162	17
992	92
992	799
992	734
992	698
992	175
992	52
992	699
992	175
992	170
992	25
993	17
993	250
993	17
993	392
993	376
993	360
993	17
294	17
294	166
294	103
294	104
294	256
294	25
294	6
294	263
294	264
294	268
294	285
294	91
294	5
294	286
294	22
294	292
294	165
294	17
294	293
773	17
773	166
773	332
362	17
362	13
362	300
362	17
362	239
362	301
362	313
362	17
362	314
362	167
362	97
362	159
362	315
362	316
362	317
362	318
362	17
362	159
362	17
362	319
362	320
362	17
362	240
362	17
362	17
362	17
362	321
362	322
362	17
362	296
362	17
362	323
362	17
362	298
362	17
362	159
362	17
362	17
362	5
362	334
362	312
362	347
362	304
362	349
362	159
362	354
362	331
362	302
362	355
362	17
362	303
362	357
362	358
362	17
362	359
362	17
362	360
362	361
362	299
995	17
995	263
995	268
995	92
995	994
509	482
509	508
509	328
509	326
509	326
509	299
941	159
941	545
941	337
941	940
941	464
941	326
996	159
997	996
997	159
508	305
508	321
508	324
508	483
355	17
998	517
998	520
998	159
998	159
998	521
998	159
998	370
998	159
998	153
998	17
998	343
998	159
998	620
334	328
334	330
334	333
512	327
999	17
999	159
999	499
159	156
159	157
159	17
159	153
159	17
157	17
157	17
1000	159
681	520
371	159
371	159
674	520
674	521
674	159
674	159
674	159
159	158
346	335
346	159
346	337
346	338
346	159
346	339
346	341
346	344
346	345
346	159
1001	17
1001	435
1001	332
512	17
512	483
512	156
512	159
512	159
512	493
512	159
512	498
512	497
512	501
512	488
512	506
512	507
512	303
512	503
512	509
512	17
512	17
512	504
512	490
512	326
512	17
512	361
512	299
743	152
743	305
743	17
743	506
743	483
743	327
743	17
743	151
743	742
743	17
743	326
743	326
743	361
743	299
329	17
1002	159
159	17
159	153
572	159
572	159
572	331
575	159
575	574
573	361
1003	297
1003	299
507	482
507	151
507	17
507	13
507	17
507	326
507	159
301	17
512	17
512	13
512	488
512	506
512	507
512	502
512	159
512	17
512	359
512	17
512	17
512	159
512	17
512	504
512	329
512	326
512	498
743	17
743	305
743	506
743	159
743	742
743	159
353	17
330	17
330	329
1004	17
1004	509
1006	1005
594	268
594	395
594	17
594	159
594	346
594	593
594	103
594	354
594	17
772	317
772	17
1007	772
1007	166
708	435
708	263
708	261
708	159
708	706
708	707
708	302
599	17
599	453
599	17
599	17
599	17
599	17
599	17
599	17
597	17
597	17
597	17
597	17
597	17
597	237
597	17
597	17
597	17
597	17
597	17
597	17
597	596
597	17
524	17
542	519
349	348
349	348
1008	17
1008	17
1008	17
1008	17
349	17
349	348
349	17
349	17
348	17
709	705
709	708
709	704
153	17
153	17
370	369
370	17
370	310
368	17
368	153
369	153
369	17
369	368
1009	169
1009	71
1009	78
1009	81
1009	117
1009	79
1009	136
1009	59
1009	112
1009	74
1009	115
1009	68
1009	60
1009	83
1009	111
1009	65
1009	114
1009	58
1009	77
1009	149
1009	127
1009	556
1009	134
1009	73
1009	128
1009	130
1009	919
1009	131
1009	67
1009	137
1009	70
1009	64
395	347
395	354
1010	397
1010	398
1010	399
1011	519
1011	17
1011	1003
1012	156
1012	520
1012	17
1012	159
1012	370
1012	159
1012	159
1012	159
1012	153
1012	17
1012	159
1012	159
1013	17
1013	159
1013	159
1013	159
1013	159
1013	518
1013	620
1013	17
1013	159
1013	159
1013	520
1013	17
1013	159
1013	521
1013	310
1013	159
1013	675
1013	682
1013	153
1013	17
788	236
788	17
788	242
1015	114
1015	985
1015	1014
1014	17
1014	84
1014	114
1014	985
1014	400
1014	816
678	17
678	306
678	164
678	17
678	525
678	307
678	351
678	415
678	645
678	308
678	524
678	17
678	670
678	620
678	309
678	156
678	159
678	159
678	17
678	159
678	675
678	676
678	17
678	17
678	677
678	17
678	17
678	17
678	17
678	17
678	17
678	17
678	246
678	162
678	310
678	159
678	17
678	311
678	159
678	153
678	159
678	163
678	17
678	669
678	17
1016	929
1016	495
1016	104
600	17
600	17
600	268
600	597
600	595
600	598
600	511
600	599
600	17
600	17
600	17
601	600
1017	800
1017	495
1017	103
604	17
604	17
604	17
604	496
604	595
604	511
604	17
604	272
604	602
604	603
730	373
730	159
688	17
774	502
774	17
774	497
774	488
774	506
774	688
774	490
774	512
774	17
774	498
747	17
747	506
747	743
747	17
1018	13
1018	480
544	342
621	517
621	370
621	153
352	17
352	159
352	310
352	159
352	17
352	351
352	309
323	13
323	17
17	14
1019	470
706	339
1020	845
1021	17
1021	412
1021	523
1021	750
1021	835
1022	546
1022	457
315	17
315	17
315	17
1023	303
1023	17
1023	17
322	17
789	733
354	17
354	350
354	352
354	353
17	13
17	5
17	7
17	10
295	159
295	251
249	17
249	236
249	13
249	17
249	17
249	237
249	17
249	238
249	241
249	52
249	242
249	244
249	245
249	17
249	17
249	17
249	17
249	17
249	17
249	159
249	246
249	17
249	153
249	247
249	248
826	17
826	169
826	797
826	407
826	799
826	604
826	17
826	807
826	68
826	549
826	808
826	809
826	813
826	621
826	412
826	622
826	114
826	366
826	129
826	825
826	700
826	108
826	58
826	623
1024	828
1024	809
852	851
843	703
1030	813
1030	1028
1030	828
1030	882
1030	809
1030	1029
807	169
807	797
807	800
807	801
807	805
807	793
807	734
807	806
807	366
807	103
807	115
807	17
152	17
152	17
401	17
401	397
401	398
401	399
401	400
861	180
861	860
861	841
1031	797
1031	861
1033	843
1035	1034
1035	701
675	17
1039	169
1039	703
1039	632
1039	930
1039	843
1039	103
1039	1036
1039	703
1039	695
1039	1037
1039	286
1039	229
1039	1038
1039	702
1040	851
987	703
819	17
819	17
819	13
819	17
819	17
819	772
819	491
819	775
819	17
819	781
819	308
819	353
819	818
819	507
819	156
819	303
819	350
819	17
819	319
819	688
819	17
819	490
819	17
1041	250
669	162
669	17
670	17
670	159
670	458
670	310
670	159
670	17
670	351
670	459
351	17
351	17
351	17
167	164
167	17
167	166
1042	175
1042	17
1042	181
1042	52
1042	366
1042	175
1043	181
1044	797
1044	175
1044	845
1044	847
1044	366
1044	926
1044	170
1044	1027
1027	52
1045	933
1045	17
1046	845
1046	181
1046	52
1046	366
1047	185
1047	52
1047	187
1047	171
1048	958
1050	186
1050	184
1050	1049
1050	366
1050	175
1050	871
1050	367
1050	462
1051	169
1051	797
1052	179
1052	175
1052	872
1053	797
1053	175
1053	180
1053	869
1053	366
1053	808
808	52
1054	230
1055	175
1055	834
1055	859
1055	175
1055	919
1055	187
1055	366
1055	188
1055	367
1056	935
1058	1057
1058	694
1060	57
1060	52
1060	1059
1060	1049
1060	187
1061	845
1061	122
1061	186
1061	1049
1061	871
1061	462
1062	867
1064	185
1064	1063
1064	441
1064	187
1064	172
1064	871
1064	178
1064	186
1064	175
1064	52
1064	1049
1064	131
1064	55
1065	703
1033	1032
328	13
328	159
328	17
328	324
328	320
328	325
328	326
328	159
328	327
877	65
877	59
877	629
877	170
877	810
811	65
811	59
811	451
811	810
175	57
175	60
175	83
175	174
175	125
175	131
175	128
175	130
175	115
175	55
1066	91
1066	165
179	178
179	144
170	169
170	105
57	56
57	55
844	145
1067	71
1068	958
1068	17
1068	55
1069	169
1069	969
1070	60
1070	83
1070	472
1070	128
1070	130
1070	115
1070	55
1070	175
1071	472
1071	557
1071	175
1072	175
1073	169
1074	17
1074	167
1074	14
1075	17
1076	970
1077	17
1077	14
853	471
177	176
125	77
1078	962
797	169
803	144
803	802
1079	117
1079	557
184	17
184	175
184	177
184	180
184	181
184	182
184	175
184	175
184	140
184	173
184	55
184	183
184	149
859	169
1080	71
1080	833
1081	146
1081	58
175	106
175	73
122	119
122	120
122	121
1082	169
1083	961
810	169
810	797
810	628
810	188
810	149
1084	169
1085	963
1059	55
1086	476
1087	73
1087	74
1087	55
175	57
175	124
175	125
175	128
175	76
175	130
175	115
175	60
175	83
175	131
175	55
175	150
175	70
1088	169
175	57
175	116
175	71
175	63
175	117
175	79
175	73
175	118
175	74
175	76
175	65
175	83
175	65
175	131
175	173
175	67
175	77
175	64
1089	17
486	17
892	57
892	845
849	848
1090	187
1091	170
857	57
894	125
894	175
855	853
855	854
855	175
1032	703
893	175
893	850
893	892
893	171
887	178
887	125
887	175
888	125
856	797
1092	1079
1093	175
1094	1080
1095	175
1095	846
1095	1081
1095	175
1095	810
889	175
889	175
1096	1083
1097	810
1098	851
1099	797
850	845
850	849
10	8
10	9
1100	226
837	226
832	226
1101	185
1101	556
1101	71
1101	65
1101	1063
1101	117
1101	73
1101	118
1101	68
1101	65
1101	83
1101	65
1101	82
1101	131
1101	173
1101	64
232	231
232	82
231	17
809	691
809	803
310	17
310	161
310	17
259	103
705	704
320	17
704	703
258	17
1102	17
1102	159
1102	370
1102	159
1102	159
1102	159
1102	153
1102	17
1102	159
1102	159
1005	159
1005	17
1005	159
1005	159
1005	159
1005	159
1005	159
1005	158
1005	518
1005	17
1005	159
1005	159
1005	520
1005	17
1005	159
1005	521
1005	310
1005	159
1005	675
1005	682
1005	153
1005	159
1005	17
494	17
494	14
494	98
494	104
494	272
494	17
494	17
494	92
494	51
494	97
494	55
494	17
494	17
333	297
333	17
333	17
333	17
333	296
333	17
333	17
333	331
333	332
298	297
298	159
1104	296
1104	1103
243	17
243	239
92	17
92	51
306	17
1105	17
771	752
771	770
771	763
771	465
771	26
1106	763
815	17
465	17
466	465
17	6
1107	17
1107	10
1110	1108
1110	1109
1110	392
1110	376
1110	104
308	17
495	494
800	14
800	103
1111	17
1111	17
1111	534
1111	161
1111	351
1111	17
1111	309
1111	17
1111	17
1111	5
1111	304
1111	489
1111	17
1111	17
1111	17
1111	17
1111	17
1111	159
1111	303
1111	246
1111	17
1111	17
1111	162
1111	310
1111	17
1111	159
1111	17
1111	17
1111	17
1111	17
1111	17
1029	65
827	65
159	17
159	151
159	152
159	17
159	17
159	17
1112	1103
512	305
512	152
512	488
512	506
512	239
512	505
512	17
512	151
512	17
512	502
512	159
512	17
512	17
512	490
512	498
512	159
1113	17
1113	151
1113	152
1113	159
1113	159
1113	17
1113	17
1113	159
1113	159
743	17
743	305
743	152
743	17
743	13
743	506
743	239
743	742
1114	1103
726	159
482	151
482	152
482	17
1103	296
1103	159
1103	243
252	17
252	250
252	17
252	17
252	251
252	17
491	305
491	17
491	489
491	490
490	152
490	17
1115	13
1115	239
512	17
512	488
512	491
512	17
512	17
512	17
512	17
512	17
512	17
512	17
512	17
512	17
512	17
673	305
673	491
818	17
1116	17
1117	813
1117	1028
1117	828
1117	827
1117	882
1117	809
1117	1029
1118	813
1118	828
1118	827
1118	809
1119	828
1119	1024
1119	809
745	412
745	381
745	411
745	455
814	639
814	409
814	235
814	363
814	58
1120	409
1120	235
1120	363
1120	58
746	745
746	58
1122	17
1122	13
1122	17
1122	98
1122	342
1122	341
1122	415
1122	323
1122	526
1122	1018
1122	5
1122	546
1122	599
1122	244
1122	17
1122	1023
1122	717
1122	349
1122	14
1122	781
1122	1121
1122	1007
1122	303
1122	17
1122	359
1122	414
1122	715
1122	17
1122	597
1122	319
1122	527
1122	17
1122	17
1125	17
1125	322
1125	17
1125	786
1125	790
1125	710
1125	17
1125	1001
1125	358
1125	241
1125	1123
1125	1124
1125	864
1125	863
1125	17
1125	417
1125	17
1126	263
1126	268
1126	597
1126	821
1126	595
1126	261
1126	599
1126	396
1126	354
1126	602
1128	152
1128	797
1128	17
1128	404
1128	709
1128	17
1128	233
1128	17
1128	593
1128	272
1128	238
1128	936
1128	264
1128	406
1128	241
1128	52
1128	496
1128	366
1128	47
1128	244
1128	417
1128	623
1128	17
1128	407
1128	745
1128	38
1128	489
1128	1007
1128	17
1128	707
1128	17
1128	412
1128	250
1128	17
1128	359
1128	821
1128	153
1128	598
1128	511
1128	17
1128	17
1128	1127
1128	17
1128	603
622	17
622	17
622	620
671	159
671	17
671	310
671	669
671	670
671	309
744	741
744	742
744	17
744	326
744	743
744	361
758	17
758	757
503	17
502	17
505	17
504	17
479	17
479	17
479	17
317	17
317	17
317	17
317	17
317	17
317	17
317	17
602	17
511	17
496	17
1129	10
649	265
649	10
649	262
1130	17
1130	10
1130	386
1130	17
1131	873
1131	386
363	249
363	252
363	294
363	295
363	362
363	17
412	409
412	411
412	235
412	363
676	17
374	373
390	378
390	389
754	624
754	373
754	101
754	17
754	269
754	104
754	396
373	17
373	372
823	373
823	294
823	101
823	269
823	396
647	373
647	294
647	101
647	269
647	376
647	396
647	25
403	377
403	101
403	269
403	390
403	393
403	394
403	396
403	401
403	402
1132	17
679	17
679	17
679	678
679	159
679	17
679	17
679	159
679	524
679	159
680	17
680	17
680	159
680	309
680	156
680	159
680	159
680	17
680	521
680	159
680	159
680	459
680	159
680	677
680	522
680	159
680	159
680	520
680	17
680	17
680	310
680	17
680	153
680	159
680	163
680	159
680	17
680	371
680	499
683	159
683	17
683	159
683	519
683	460
683	307
683	645
683	670
683	309
683	620
683	681
683	159
683	159
683	521
683	370
683	314
683	159
683	159
683	459
683	159
683	518
683	17
683	17
683	159
683	520
683	17
683	159
683	159
683	682
683	153
683	17
683	669
683	499
683	368
683	306
683	164
683	159
683	458
683	159
683	17
683	415
683	524
683	151
683	159
683	157
683	17
683	675
683	159
683	517
683	676
683	17
683	522
683	159
683	17
683	17
683	523
683	162
683	310
683	311
683	159
683	159
683	371
684	159
684	369
684	674
684	159
684	458
684	159
684	17
684	679
684	680
684	683
684	619
684	670
684	309
684	620
684	156
684	151
684	159
684	159
684	521
684	17
684	370
684	159
684	159
684	675
684	459
684	159
684	17
684	17
684	159
684	159
684	518
684	17
684	520
684	17
684	17
684	310
684	17
684	159
684	682
684	153
684	159
684	17
684	669
684	371
684	368
619	17
619	159
619	458
619	17
619	159
619	519
619	17
619	525
619	308
619	351
619	343
619	524
619	309
619	151
619	159
619	521
619	314
619	159
619	159
619	159
619	17
619	17
619	17
619	17
619	17
619	592
619	159
619	520
619	523
619	246
619	17
619	17
619	162
619	310
619	159
619	17
619	153
619	159
619	17
619	17
685	162
685	17
685	5
657	540
657	17
657	404
657	284
657	637
657	457
657	256
657	649
657	403
1133	17
1133	5
1135	159
1135	159
1135	17
1135	5
1135	1134
1136	17
1136	5
623	17
623	619
623	524
623	159
623	620
623	156
623	17
623	621
623	159
623	622
623	159
623	162
623	17
623	153
623	372
623	368
1137	17
1137	159
1137	458
1137	159
1137	17
1137	343
1137	159
1137	309
1137	620
1137	17
1137	156
1137	520
1137	17
1137	521
1137	17
1137	310
1137	159
1137	499
1137	459
618	159
618	5
618	159
1138	17
1138	17
1138	17
822	17
822	678
822	5
1139	159
1139	458
1139	309
1139	923
1139	151
1139	159
1139	159
1139	17
1139	159
1139	520
1139	159
1139	17
1139	17
1139	499
1139	159
1139	1002
89	17
1140	621
1140	17
1140	622
1140	565
1140	372
1140	159
617	23
617	17
1141	17
1141	624
762	17
762	114
23	17
23	19
23	22
95	17
95	93
95	94
1142	17
1142	524
1142	499
1142	1002
1142	923
51	17
51	25
85	17
84	17
540	17
540	535
540	537
540	539
562	17
562	375
1134	522
1134	17
1134	159
1134	159
1134	524
1134	309
1134	17
1134	151
1134	159
1134	520
1134	159
1134	17
1134	17
1134	310
1134	159
1134	675
1134	17
1134	159
1134	153
1134	159
1134	17
1134	499
1134	459
1134	159
1134	368
250	17
634	159
634	159
634	17
634	159
634	309
634	159
634	159
634	520
634	17
634	521
634	159
634	159
634	159
634	17
634	153
634	159
634	17
634	159
777	5
777	24
777	524
662	661
662	399
662	284
667	17
667	391
667	664
667	403
782	17
782	770
86	17
86	84
86	85
668	638
668	17
668	656
668	250
668	404
668	86
668	664
668	666
668	667
668	93
663	656
537	17
537	536
664	658
664	17
664	662
664	663
664	403
759	17
759	758
638	540
638	17
638	637
638	457
638	403
536	17
635	17
635	457
770	17
770	84
770	754
770	756
770	750
770	759
770	761
770	762
770	401
770	649
770	658
770	656
770	763
770	86
770	659
770	768
770	85
770	292
770	400
770	769
770	17
770	666
770	662
770	753
750	289
750	749
768	17
768	765
768	288
768	767
752	17
752	748
752	656
752	750
752	751
763	17
656	643
656	17
656	373
656	644
656	646
656	647
656	648
656	256
656	649
656	250
656	650
656	652
656	653
656	654
656	655
756	755
756	290
753	17
753	401
404	17
404	375
404	403
1143	17
658	657
1144	778
1144	685
637	17
637	536
637	635
637	636
400	114
400	85
816	17
816	114
25	23
25	24
1145	17
1146	159
1146	159
1146	17
1146	159
1146	309
1146	159
1146	17
1146	520
1146	521
1146	159
1146	159
1146	17
1146	153
1146	159
1146	17
1146	499
1146	159
835	17
835	84
835	400
835	816
831	17
1147	17
1147	831
1148	17
1148	84
1148	831
1148	5
1148	400
1148	816
1149	17
1149	51
646	17
646	533
646	17
646	17
646	17
646	645
646	247
646	17
760	17
760	17
760	17
760	17
760	645
760	247
760	17
817	17
1150	17
980	17
980	17
980	5
980	311
980	675
980	159
980	524
239	17
239	17
239	13
239	17
239	17
239	17
239	17
239	17
1151	17
438	17
443	17
240	239
237	17
596	17
779	512
474	52
1152	17
1152	444
633	151
633	17
633	17
264	159
473	92
473	104
776	52
1153	17
1153	475
1153	779
1154	997
1154	1000
1154	333
1154	576
1154	302
1154	13
1154	1104
1154	454
1154	1114
1154	302
1154	1112
159	17
159	17
499	159
499	159
499	17
499	17
666	550
666	639
666	381
666	659
666	399
666	427
666	665
666	651
666	461
666	551
91	4
91	54
165	4
55	4
55	54
288	5
288	287
253	4
1156	1155
1155	4
1157	478
104	4
104	103
104	2
1160	4
1160	17
1160	532
530	17
277	17
277	17
277	11
277	12
273	17
1124	269
1124	426
1124	4
1162	380
1162	933
1162	236
1162	381
1162	764
1162	14
1162	766
1162	38
1162	98
1162	386
1162	242
1162	549
1162	388
1162	478
257	99
1163	293
1108	17
1108	17
1108	103
1108	99
392	4
392	5
392	17
392	4
392	2
392	99
17	4
17	15
17	16
17	4
17	2
19	6
19	17
19	4
19	5
19	17
19	17
19	11
19	18
19	17
19	12
1028	124
1028	797
1028	169
1028	383
1028	604
1028	928
1028	1025
1028	384
1028	841
1028	206
1028	808
1028	809
1028	15
1028	114
1028	702
1028	882
1028	245
1028	202
1028	799
1028	1016
1028	699
1028	103
1028	500
1028	170
1028	738
1028	412
1028	4
1028	286
1028	16
1028	227
1028	165
1028	108
1028	17
1028	783
1028	233
1028	1026
1028	11
1028	68
1028	91
1028	366
1028	129
1028	114
1028	926
1028	1027
1028	58
1028	17
1028	105
1028	104
1028	4
1028	929
1028	955
1028	734
1028	950
1028	360
1028	927
1028	875
1028	899
1026	4
1026	16
16	4
703	691
703	693
703	101
703	632
703	269
703	235
703	695
703	234
703	103
703	700
703	701
703	702
1165	736
1166	764
1167	2
700	198
700	696
700	233
700	697
700	699
700	227
700	16
700	165
700	197
1169	701
234	4
234	233
234	16
234	11
693	692
1176	958
1176	169
1176	877
1176	967
1176	930
1176	392
1176	878
1176	262
1176	827
1176	1161
1176	809
1176	272
1176	813
1176	1158
1176	1170
1176	555
1176	1171
1176	1164
1176	22
1176	267
1176	702
1176	769
1176	265
1176	1028
1176	266
1176	17
1176	699
1176	10
1176	103
1176	979
1176	1172
1176	696
1176	24
1176	826
1176	286
1176	17
1176	165
1176	1173
1176	55
1176	229
1176	1156
1176	758
1176	1174
1176	883
1176	17
1176	1024
1176	19
1176	91
1176	703
1176	5
1176	292
1176	532
1176	1037
1176	293
1176	879
1176	703
1176	1175
1176	632
1176	257
1176	1035
1176	994
1176	1159
1176	261
1176	966
1176	104
1176	1036
1176	874
1176	6
1176	695
1176	698
1176	811
1176	376
1176	1029
1176	875
1176	885
1177	703
1177	930
1177	104
1178	958
1178	169
1178	877
1178	967
1178	930
1178	392
1178	878
1178	262
1178	1161
1178	827
1178	809
1178	272
1178	813
1178	1158
1178	1170
1178	555
1178	1171
1178	1164
1178	22
1178	267
1178	1038
1178	702
1178	769
1178	265
1178	1028
1178	266
1178	17
1178	699
1178	10
1178	103
1178	256
1178	1172
1178	982
1178	696
1178	24
1178	826
1178	286
1178	17
1178	165
1178	1173
1178	288
1178	55
1178	229
1178	1156
1178	758
1178	1174
1178	883
1178	17
1178	1024
1178	283
1178	19
1178	978
1178	91
1178	703
1178	5
1178	292
1178	532
1178	284
1178	879
1178	703
1178	1175
1178	632
1178	257
1178	1035
1178	994
1178	1159
1178	261
1178	289
1178	966
1178	104
1178	1036
1178	290
1178	874
1178	6
1178	695
1178	698
1178	977
1178	811
1178	376
1178	291
1178	1029
1178	875
1178	885
1179	966
100	4
100	99
1180	851
261	259
17	4
17	11
17	12
229	17
229	185
229	224
229	52
229	225
229	227
229	228
691	205
691	632
691	633
691	233
691	16
691	690
691	388
1181	938
1181	701
24	4
24	17
644	380
644	224
749	430
749	665
749	223
749	651
749	461
749	41
652	430
652	14
652	98
652	651
652	386
652	245
1182	14
751	639
751	38
751	549
751	388
650	639
650	38
650	549
650	538
650	388
767	382
767	766
767	386
767	478
765	550
765	764
765	430
765	225
765	651
748	382
748	430
643	379
643	639
643	236
643	383
643	38
643	384
643	387
643	43
643	388
643	380
643	640
643	641
643	40
643	385
643	242
643	642
643	45
661	397
661	398
661	659
661	383
661	660
661	388
755	538
694	4
409	17
409	404
409	3
409	59
409	98
409	223
409	405
409	43
409	15
409	406
409	5
409	365
409	45
409	407
409	14
409	38
409	4
409	2
409	250
409	4
409	153
409	40
409	228
409	408
409	197
1183	17
1184	1168
1184	1169
17	4
17	5
17	11
17	12
1185	766
1186	398
1186	399
1186	384
1186	386
391	379
391	380
391	275
391	383
389	379
389	380
389	381
389	382
389	383
389	384
389	385
389	386
389	281
389	387
389	388
378	280
636	427
636	430
636	223
636	279
636	46
535	274
535	380
535	224
535	223
539	427
539	430
539	278
539	538
428	427
393	17
393	391
393	236
393	383
393	277
393	14
393	38
393	392
393	98
393	384
393	386
393	387
393	46
393	388
393	380
393	381
393	382
393	17
393	385
393	242
377	376
377	282
1187	273
1187	398
1187	383
1187	399
1187	223
1187	384
1187	46
1187	660
1187	551
1187	380
1187	381
1187	382
1187	430
1187	642
695	694
695	103
695	230
235	234
313	304
313	312
1188	207
1188	203
1188	201
1188	194
1188	206
506	502
506	503
506	504
506	505
321	13
512	510
510	17
423	228
1189	2
1123	605
1127	601
1127	734
1127	604
1190	958
1190	169
1190	797
1190	4
1190	17
1190	695
1190	47
1190	366
1190	11
1190	554
1190	36
1190	2
1191	607
1191	456
1191	4
1191	15
1191	3
1191	28
1191	27
1191	4
1191	2
1192	228
1192	365
1192	405
1192	197
1193	4
1193	47
1193	11
1194	4
419	418
952	178
952	125
952	171
441	178
441	125
441	171
742	305
742	305
187	57
187	171
593	395
598	162
598	496
489	17
514	198
1195	515
1196	567
40	39
1197	326
195	194
1037	207
1037	205
1037	194
1037	206
1037	197
1038	207
1038	205
1038	194
1038	206
1038	197
206	205
1199	203
1199	196
1199	364
1025	106
1025	145
146	106
146	144
146	140
146	58
146	135
146	145
151	17
570	2
1200	1006
1200	1012
1201	1198
1202	201
52	51
292	284
292	288
292	289
292	290
292	256
292	291
1203	703
1203	1036
241	237
241	240
501	500
1204	159
1204	326
493	492
493	326
493	326
500	159
500	499
1205	159
492	159
492	326
248	246
248	17
1063	178
1063	186
1063	441
1063	187
1206	200
185	180
185	171
186	57
1207	2
1121	17
1208	17
357	356
484	17
488	17
488	487
1209	17
1210	17
485	17
487	357
487	484
487	485
487	486
356	17
356	17
316	17
1049	845
559	62
559	65
559	65
559	173
559	67
559	76
559	68
559	65
